frame-000000.color.png 0.9664246411 -0.1858590816 0.1395143626 0.1096154984 -1.4935809438 -0.5009555965 -0.0255039788 525.000000
frame-000001.color.png 0.9669070788 -0.1848120843 0.1382217273 0.1087655675 -1.4983663827 -0.4901941472 -0.0304729544 525.000000
frame-000002.color.png 0.9664627877 -0.1849559140 0.1399713036 0.1102226117 -1.4851220197 -0.5207197989 -0.0169395275 525.000000
frame-000003.color.png 0.9663432559 -0.1845100806 0.1406507390 0.1111490510 -1.4865349592 -0.5146754632 -0.0163673207 525.000000
frame-000004.color.png 0.9665272588 -0.1842123908 0.1399463466 0.1109318402 -1.4921957560 -0.4983150438 -0.0225146081 525.000000
frame-000005.color.png 0.9665250427 -0.1844315461 0.1397807979 0.1107956457 -1.4897305769 -0.5023061029 -0.0222723142 525.000000
frame-000006.color.png 0.9660221366 -0.1851700567 0.1414279899 0.1118543937 -1.4876215838 -0.5107846619 -0.0176088835 525.000000
frame-000007.color.png 0.9661643119 -0.1851142796 0.1405612789 0.1118112376 -1.4947951373 -0.4953102724 -0.0237878748 525.000000
frame-000008.color.png 0.9661287892 -0.1843998660 0.1413677405 0.1122809604 -1.4950312983 -0.4960081180 -0.0236480291 525.000000
frame-000009.color.png 0.9659247431 -0.1862297428 0.1402471097 0.1124216251 -1.4929458124 -0.4973544091 -0.0208518894 525.000000
frame-000010.color.png 0.9655608343 -0.1865238934 0.1415794973 0.1133858825 -1.4907264510 -0.5037771528 -0.0200742819 525.000000
frame-000011.color.png 0.9653991570 -0.1873948516 0.1408265990 0.1142606941 -1.4892013954 -0.5057875942 -0.0210552177 525.000000
frame-000012.color.png 0.9656140731 -0.1859260816 0.1410513002 0.1145665077 -1.4918090113 -0.4961986113 -0.0234180526 525.000000
frame-000013.color.png 0.9656199546 -0.1865151400 0.1422638772 0.1120321161 -1.4825617262 -0.5213393819 -0.0133770998 525.000000
frame-000014.color.png 0.9655311234 -0.1871500567 0.1406721419 0.1137358982 -1.4809781660 -0.5184172741 -0.0142348035 525.000000
frame-000015.color.png 0.9653819851 -0.1872642188 0.1419090529 0.1132764578 -1.4848026497 -0.5121284828 -0.0170815615 525.000000
frame-000016.color.png 0.9648828906 -0.1875553498 0.1435424917 0.1149763078 -1.4869539242 -0.5082805916 -0.0222214945 525.000000
frame-000017.color.png 0.9650705061 -0.1875626888 0.1440066485 0.1127884796 -1.4820381238 -0.5183258543 -0.0150748211 525.000000
frame-000018.color.png 0.9648763631 -0.1862062585 0.1462500284 0.1138058103 -1.4937070486 -0.4912911703 -0.0237925033 525.000000
frame-000019.color.png 0.9645844883 -0.1874113078 0.1460810733 0.1145167532 -1.4905989620 -0.4926720464 -0.0238214254 525.000000
frame-000020.color.png 0.9642389124 -0.1875124538 0.1482196593 0.1145134579 -1.5006207972 -0.4761429126 -0.0266328495 525.000000
frame-000021.color.png 0.9637493931 -0.1873822154 0.1508312647 0.1154337134 -1.4899812755 -0.4919950095 -0.0211306966 525.000000
frame-000022.color.png 0.9630900266 -0.1897089713 0.1516003291 0.1161268580 -1.4899088876 -0.4884115730 -0.0202814146 525.000000
frame-000023.color.png 0.9629324034 -0.1915053794 0.1510037477 0.1152594650 -1.4840590025 -0.4951791917 -0.0180555995 525.000000
frame-000024.color.png 0.9616042477 -0.1927163193 0.1562121126 0.1173689351 -1.4932446952 -0.4723056869 -0.0282246348 525.000000
frame-000025.color.png 0.9614495712 -0.1908198750 0.1587974816 0.1182618163 -1.4878630240 -0.4837050406 -0.0224736520 525.000000
frame-000026.color.png 0.9611509588 -0.1913212041 0.1611010133 0.1167539929 -1.4899859968 -0.4779801085 -0.0262197146 525.000000
frame-000027.color.png 0.9597593638 -0.1919499219 0.1659072824 0.1203825769 -1.4885461204 -0.4703940421 -0.0247791607 525.000000
frame-000028.color.png 0.9595266110 -0.1921302190 0.1664695474 0.1211715790 -1.4772682741 -0.4837397759 -0.0181479755 525.000000
frame-000029.color.png 0.9590768095 -0.1892692452 0.1713235651 0.1224624935 -1.4799710709 -0.4749793272 -0.0223400359 525.000000
frame-000030.color.png 0.9578262149 -0.1899983840 0.1758738158 0.1246513418 -1.4769981235 -0.4676019775 -0.0251370452 525.000000
frame-000031.color.png 0.9573166109 -0.1899430607 0.1789350259 0.1242931883 -1.4750480074 -0.4707060267 -0.0252976418 525.000000
frame-000032.color.png 0.9570346203 -0.1852027137 0.1833053270 0.1272157516 -1.4700765160 -0.4659500985 -0.0255216581 525.000000
frame-000033.color.png 0.9562473585 -0.1855422863 0.1864624932 0.1280499436 -1.4671017707 -0.4550463457 -0.0266312246 525.000000
frame-000034.color.png 0.9520533038 -0.1933629642 0.1945103490 0.1355396433 -1.4371970365 -0.4903024643 -0.0414771500 525.000000
frame-000035.color.png 0.9525891585 -0.1853446598 0.1995893874 0.1355925096 -1.4670215393 -0.4378878747 -0.0329224695 525.000000
frame-000036.color.png 0.9515217657 -0.1844398330 0.2039772045 0.1377736457 -1.4641250882 -0.4465594051 -0.0319563578 525.000000
frame-000037.color.png 0.9511467483 -0.1827569007 0.2064871288 0.1388626809 -1.4547335159 -0.4484224991 -0.0286199673 525.000000
frame-000038.color.png 0.9486439104 -0.1842713474 0.2141595840 0.1423182149 -1.4546358445 -0.4472678206 -0.0330886282 525.000000
frame-000039.color.png 0.9473434686 -0.1863061097 0.2172634515 0.1436209545 -1.4494248566 -0.4597417056 -0.0367958996 525.000000
frame-000040.color.png 0.9472199729 -0.1834928265 0.2206606815 0.1428760621 -1.4262759376 -0.4773703591 -0.0229980411 525.000000
frame-000041.color.png 0.9460524822 -0.1818615667 0.2246750650 0.1463973586 -1.4320790611 -0.4640059667 -0.0324679965 525.000000
frame-000042.color.png 0.9451148487 -0.1802464841 0.2301232387 0.1459877488 -1.4140439147 -0.4823583280 -0.0254185464 525.000000
frame-000043.color.png 0.9424779097 -0.1854551504 0.2348215277 0.1489987481 -1.3885316578 -0.5126711133 -0.0152994672 525.000000
frame-000044.color.png 0.9419011232 -0.1789646148 0.2419152800 0.1492345067 -1.4176228549 -0.4908604765 -0.0193293052 525.000000
frame-000045.color.png 0.9405726196 -0.1754021991 0.2492144581 0.1498311373 -1.4076616954 -0.4890613535 -0.0190792499 525.000000
frame-000046.color.png 0.9386553634 -0.1782696194 0.2537443363 0.1508637244 -1.4036160179 -0.4876500476 -0.0228526631 525.000000
frame-000047.color.png 0.9375268300 -0.1749624292 0.2594635900 0.1520205146 -1.3991700281 -0.4980636024 -0.0164794580 525.000000
frame-000048.color.png 0.9372082237 -0.1735530796 0.2607779180 0.1533458561 -1.3943352484 -0.5034108303 -0.0199830220 525.000000
frame-000049.color.png 0.9340169733 -0.1757210377 0.2694172180 0.1553987552 -1.3899239833 -0.5073660585 -0.0215194813 525.000000
frame-000050.color.png 0.9330564820 -0.1760639181 0.2712349654 0.1576029557 -1.3886144090 -0.5072328121 -0.0246079916 525.000000
frame-000051.color.png 0.9318813769 -0.1799082873 0.2710375925 0.1605264186 -1.3808118195 -0.5072648605 -0.0365572870 525.000000
frame-000052.color.png 0.9290005177 -0.1771898497 0.2817254332 0.1618412048 -1.3839935879 -0.5111045177 -0.0292871883 525.000000
frame-000053.color.png 0.9281500141 -0.1754957884 0.2847734817 0.1632263574 -1.3729919372 -0.5039335201 -0.0302736181 525.000000
frame-000054.color.png 0.9271516888 -0.1738044402 0.2866359606 0.1673965014 -1.3845051178 -0.5020309275 -0.0475375410 525.000000
frame-000055.color.png 0.9236993003 -0.1738217802 0.2970651648 0.1682791707 -1.3695140547 -0.5070974898 -0.0393167879 525.000000
frame-000056.color.png 0.9215458412 -0.1752415872 0.3017720667 0.1702271086 -1.2762513757 -0.5351295273 0.0170517020 525.000000
frame-000057.color.png 0.9198757091 -0.1713007301 0.3082998372 0.1715690825 -1.3638776514 -0.5034163524 -0.0367353183 525.000000
frame-000058.color.png 0.9143620659 -0.1765037331 0.3214997834 0.1715410560 -1.3717564337 -0.5338052719 -0.0110674019 525.000000
frame-000059.color.png 0.9162252688 -0.1711514392 0.3168957439 0.1755435248 -1.3014064318 -0.5278421051 -0.0145910514 525.000000
frame-000060.color.png 0.9094375631 -0.1772326265 0.3351775417 0.1707862128 -1.3567039519 -0.5483763240 -0.0026040758 525.000000
frame-000061.color.png 0.9052580557 -0.1759727885 0.3469562612 0.1707711426 -1.4143827062 -0.4965083031 0.0186109815 525.000000
frame-000062.color.png 0.9031937364 -0.1782044793 0.3497121970 0.1737400857 -1.4025765953 -0.5344994136 0.0079020202 525.000000
frame-000063.color.png 0.9036654112 -0.1721975909 0.3510276433 0.1746894613 -1.3494873391 -0.5084996453 -0.0161749386 525.000000
frame-000064.color.png 0.8978864070 -0.1749081994 0.3604278531 0.1824798196 -1.3725000610 -0.5334424337 0.0161837465 525.000000
frame-000065.color.png 0.8976667888 -0.1753671727 0.3597746984 0.1843986370 -1.3823277265 -0.5053871186 0.0133562013 525.000000
frame-000066.color.png 0.8953933516 -0.1718601097 0.3659666726 0.1865562732 -1.3735801662 -0.4752517240 0.0257290707 525.000000
frame-000067.color.png 0.8941287777 -0.1710337426 0.3697505616 0.1859185574 -1.3612776321 -0.5091311833 0.0131902457 525.000000
frame-000068.color.png 0.8912582635 -0.1707949316 0.3762524682 0.1868739662 -1.3527252952 -0.5556446467 0.0071496321 525.000000
frame-000069.color.png 0.8904601395 -0.1687744559 0.3771947364 0.1905782093 -1.3527233521 -0.5131876305 -0.0026035385 525.000000
frame-000070.color.png 0.8895619856 -0.1674007951 0.3791526755 0.1920929363 -1.3448073070 -0.5041876158 -0.0017967745 525.000000
frame-000071.color.png 0.8879109087 -0.1654909208 0.3816849558 0.1963251587 -1.3417661747 -0.5050243751 -0.0064636960 525.000000
frame-000072.color.png 0.8852304133 -0.1678381366 0.3848233560 0.2002709664 -1.3317282903 -0.5362368083 0.0193418355 525.000000
frame-000073.color.png 0.8857126593 -0.1646540742 0.3863906195 0.1977483507 -1.3198440185 -0.4984491458 0.0085804654 525.000000
frame-000074.color.png 0.8850385691 -0.1620656138 0.3876334485 0.2004539290 -1.3201559339 -0.4823462485 -0.0062613665 525.000000
frame-000075.color.png 0.8826833391 -0.1637657494 0.3913259178 0.2022743884 -1.3145365774 -0.5206843253 0.0098268054 525.000000
frame-000076.color.png 0.8822833424 -0.1632421101 0.3909645960 0.2051214322 -1.2973016577 -0.5240053951 0.0095110570 525.000000
frame-000077.color.png 0.8827661615 -0.1628444160 0.3897944390 0.2055867106 -1.2889650711 -0.4925227730 -0.0030566051 525.000000
frame-000078.color.png 0.8823404248 -0.1617832393 0.3907253271 0.2064831158 -1.2887911988 -0.5361295920 -0.0031011524 525.000000
frame-000079.color.png 0.8813805261 -0.1618335364 0.3925226905 0.2071333197 -1.2819211546 -0.5227130578 -0.0087330121 525.000000
frame-000080.color.png 0.8810386789 -0.1595678508 0.3950309563 0.2055711333 -1.2797980516 -0.4942215675 -0.0121779865 525.000000
frame-000081.color.png 0.8812203611 -0.1580966678 0.3960833487 0.2038972774 -1.2679883274 -0.5294630000 -0.0085628442 525.000000
frame-000082.color.png 0.8817859435 -0.1574182002 0.3951369251 0.2038133226 -1.2626915101 -0.5360036052 -0.0115940238 525.000000
frame-000083.color.png 0.8800628990 -0.1549283153 0.3991813215 0.2052822047 -1.2506764929 -0.5615252572 -0.0151810649 525.000000
frame-000084.color.png 0.8777619195 -0.1534675646 0.4006224002 0.2132684029 -1.2299207052 -0.5752153679 0.0119051981 525.000000
frame-000085.color.png 0.8772969717 -0.1503635729 0.4034543371 0.2120505061 -1.2367689686 -0.5624850452 -0.0203424553 525.000000
frame-000086.color.png 0.8759830238 -0.1481175827 0.4049940925 0.2160895851 -1.2202133679 -0.5601559438 -0.0065492817 525.000000
frame-000087.color.png 0.8757704709 -0.1449262747 0.4052795830 0.2185655895 -1.2016557398 -0.5678539038 -0.0001220332 525.000000
frame-000088.color.png 0.8755250623 -0.1416981970 0.4085433051 0.2155686761 -1.1833017478 -0.5724306553 0.0016689830 525.000000
frame-000089.color.png 0.8744110889 -0.1403094579 0.4110960438 0.2161447348 -1.1807577333 -0.5613135878 -0.0100236427 525.000000
frame-000090.color.png 0.8729393205 -0.1367731501 0.4150135527 0.2168727716 -1.1825366756 -0.5554061726 -0.0349238089 525.000000
frame-000091.color.png 0.8715518693 -0.1367833328 0.4176987326 0.2172911129 -1.1652424558 -0.5668609210 -0.0087882222 525.000000
frame-000092.color.png 0.8690161680 -0.1395920215 0.4187856392 0.2234805490 -1.1587283906 -0.5644920486 -0.0425914570 525.000000
frame-000093.color.png 0.8684095333 -0.1360207413 0.4209228258 0.2240250323 -1.1278962859 -0.5807129753 -0.0094542420 525.000000
frame-000094.color.png 0.8669942988 -0.1344733150 0.4241019442 0.2244445462 -1.1239190018 -0.5605370015 -0.0355760163 525.000000
frame-000095.color.png 0.8662167173 -0.1311796733 0.4257019363 0.2263589039 -1.1284985236 -0.5745422651 -0.0311023002 525.000000
frame-000096.color.png 0.8673141526 -0.1286819702 0.4256556003 0.2236613984 -1.1212922723 -0.5800609044 -0.0195803248 525.000000
frame-000097.color.png 0.8672428005 -0.1286707374 0.4249897887 0.2252053414 -1.1140647456 -0.5818079681 -0.0146760522 525.000000
frame-000098.color.png 0.8683015955 -0.1308596753 0.4219234269 0.2256295782 -1.1039065512 -0.5719709035 -0.0155406181 525.000000
frame-000099.color.png 0.8662811212 -0.1294755456 0.4253262293 0.2277953046 -1.0961994958 -0.5772981734 -0.0189433316 525.000000
frame-000100.color.png 0.8642038563 -0.1319698478 0.4272880289 0.2305658135 -1.0853239379 -0.5827648549 -0.0067600858 525.000000
frame-000101.color.png 0.8638092275 -0.1295761911 0.4300003122 0.2283492077 -1.0843525989 -0.5749844733 -0.0108984819 525.000000
frame-000102.color.png 0.8621328001 -0.1316982479 0.4315852263 0.2304708202 -1.0805220211 -0.5715609934 -0.0143537195 525.000000
frame-000103.color.png 0.8610191905 -0.1376783239 0.4319529255 0.2304502177 -1.0609585811 -0.5742249629 -0.0064467907 525.000000
frame-000104.color.png 0.8600470754 -0.1401807482 0.4328322966 0.2309211749 -1.0438832701 -0.5671752659 0.0048335076 525.000000
frame-000105.color.png 0.8611081464 -0.1404675080 0.4321920644 0.2279729346 -1.0268835883 -0.5661287843 0.0094778256 525.000000
frame-000106.color.png 0.8608976752 -0.1411397248 0.4328651868 0.2270737789 -1.0171173839 -0.5763921618 0.0138190699 525.000000
frame-000107.color.png 0.8604968579 -0.1419025711 0.4315580698 0.2305785119 -1.0019849349 -0.5668854439 0.0161485866 525.000000
frame-000108.color.png 0.8617260168 -0.1432779094 0.4281430338 0.2315021710 -0.9975700972 -0.5851345661 0.0338905782 525.000000
frame-000109.color.png 0.8607759125 -0.1462424908 0.4281485006 0.2331669439 -0.9709703172 -0.5864893032 0.0495440484 525.000000
frame-000110.color.png 0.8620418343 -0.1466548398 0.4274370189 0.2295077966 -0.9508082250 -0.5978743166 0.0591061479 525.000000
frame-000111.color.png 0.8637543569 -0.1423994723 0.4281831333 0.2242989203 -0.9343264443 -0.5928863916 0.0619116247 525.000000
frame-000112.color.png 0.8664150029 -0.1422144394 0.4221580702 0.2255718503 -0.9141606980 -0.5892682233 0.0844104022 525.000000
frame-000113.color.png 0.8677684067 -0.1435461550 0.4195465437 0.2243951678 -0.8758938318 -0.6017995366 0.0933477845 525.000000
frame-000114.color.png 0.8695981368 -0.1433858951 0.4177773984 0.2206844148 -0.8727432594 -0.6037613332 0.0986539077 525.000000
frame-000115.color.png 0.8730986749 -0.1429157183 0.4108170523 0.2202343092 -0.8583085414 -0.6026482629 0.1022612893 525.000000
frame-000116.color.png 0.8751048521 -0.1471428122 0.4032959345 0.2233671414 -0.8272621433 -0.5987978897 0.1271679809 525.000000
frame-000117.color.png 0.8790704603 -0.1492223597 0.3915093211 0.2273505326 -0.8385834799 -0.6141077670 0.1267776008 525.000000
frame-000118.color.png 0.8810404945 -0.1507151319 0.3880861987 0.2245922939 -0.8204512584 -0.6103050577 0.1504052081 525.000000
frame-000119.color.png 0.8831100006 -0.1495149212 0.3839688279 0.2243433849 -0.8091006532 -0.6166319955 0.1581131197 525.000000
frame-000120.color.png 0.8864895654 -0.1474184349 0.3788395114 0.2210988017 -0.8092211358 -0.6192174323 0.1626475776 525.000000
frame-000121.color.png 0.8905712923 -0.1449797888 0.3716737209 0.2184542957 -0.8108217884 -0.6187301518 0.1736670380 525.000000
frame-000122.color.png 0.8925337846 -0.1489717684 0.3649785732 0.2190467909 -0.7938017358 -0.6389211426 0.1896235200 525.000000
frame-000123.color.png 0.8942376419 -0.1485076107 0.3611230188 0.2188028671 -0.8013476294 -0.6479252390 0.2011525998 525.000000
frame-000124.color.png 0.8982042522 -0.1625084348 0.3461790014 0.2167492304 -0.8025084738 -0.6567583146 0.2055527387 525.000000
frame-000125.color.png 0.9008750081 -0.1621016278 0.3415624728 0.2132659356 -0.7665334407 -0.6510541753 0.2044683430 525.000000
frame-000126.color.png 0.9032666447 -0.1687645277 0.3349285605 0.2084484641 -0.7847379118 -0.6787496990 0.1989445929 525.000000
frame-000127.color.png 0.9075743945 -0.1657250978 0.3302870738 0.1993849524 -0.7830716020 -0.6646691161 0.2089046767 525.000000
frame-000128.color.png 0.9104542724 -0.1632172752 0.3293689326 0.1896028614 -0.7124781301 -0.6503113584 0.2753261685 525.000000
frame-000129.color.png 0.9119462911 -0.1645750735 0.3273045127 0.1847721932 -0.8713232243 -0.6766736819 0.2551882852 525.000000
frame-000130.color.png 0.9167448247 -0.1611325805 0.3192733775 0.1779880007 -0.9445454670 -0.7031427072 0.1470634879 525.000000
frame-000131.color.png 0.9164603295 -0.1657080027 0.3183469710 0.1769082482 -0.8661812482 -0.7765328460 -0.2334600482 525.000000
frame-000132.color.png 0.9200270411 -0.1659322579 0.3098450886 0.1732418842 -0.9115428339 -0.7104917952 0.1361192180 525.000000
frame-000133.color.png 0.9211561848 -0.1677242275 0.3057073015 0.1728667479 -0.9355579223 -0.6994548494 0.2114434566 525.000000
frame-000134.color.png 0.9266397842 -0.1717582838 0.2846456026 0.1755411155 -0.8370116834 -0.7022303748 0.1506934550 525.000000
frame-000135.color.png 0.9281137288 -0.1690270133 0.2843589540 0.1708062076 -0.9173168633 -0.6752690614 0.2142247178 525.000000
frame-000136.color.png 0.9317493743 -0.1780553052 0.2675697111 0.1689552057 -0.8475441733 -0.6893400844 0.1783453861 525.000000
frame-000137.color.png 0.9335549399 -0.1769656015 0.2600822683 0.1718009421 -0.8032048685 -0.7101052701 0.1181813123 525.000000
frame-000138.color.png 0.9449357925 -0.1808185667 0.2011759175 0.1841989258 -0.6710822072 -0.6929596270 0.0946568285 525.000000
frame-000139.color.png 0.9401203035 -0.1807900505 0.2289811238 0.1762283109 -0.6860336816 -0.7410169070 0.1164499039 525.000000
frame-000140.color.png 0.9406692221 -0.1826470117 0.2265131895 0.1745659148 -0.5864070026 -0.6332356031 0.2545252287 525.000000
frame-000141.color.png 0.9436939506 -0.1833797807 0.2144003183 0.1727602015 -0.5307222546 -0.6677702107 0.1467990569 525.000000
frame-000142.color.png 0.9429984665 -0.1882966221 0.2130866761 0.1728940216 -0.5754369750 -0.6278807699 0.3459324389 525.000000
frame-000143.color.png 0.9449748157 -0.1847148870 0.2091523946 0.1707579691 -0.5639277305 -0.6446681698 0.2499956595 525.000000
frame-000144.color.png 0.9469735380 -0.1884842008 0.2041409477 0.1613731631 -0.5868276180 -0.6638793946 0.1995071154 525.000000
frame-000145.color.png 0.9470521788 -0.1864921227 0.2077743527 0.1585644262 -0.5835203795 -0.6326276168 0.2592641026 525.000000
frame-000146.color.png 0.9467947854 -0.1873873518 0.2124563117 0.1527348368 -0.5869096618 -0.6345742394 0.3223273113 525.000000
frame-000147.color.png 0.9503572485 -0.1857587633 0.1957623354 0.1548931568 -0.5665300075 -0.6260980233 0.2946003435 525.000000
frame-000148.color.png 0.9509967316 -0.1900439716 0.1825400657 0.1617641178 -0.5332853979 -0.6331255960 0.3053657440 525.000000
frame-000149.color.png 0.9527422561 -0.1866724344 0.1822261001 0.1556574577 -0.5489653816 -0.6326672903 0.3219017344 525.000000
frame-000150.color.png 0.9533318595 -0.1875537968 0.1765665027 0.1574998700 -0.5405199732 -0.6317508584 0.3285331521 525.000000
frame-000151.color.png 0.9523068733 -0.1919639153 0.1798376542 0.1546605717 -0.5419965466 -0.6380465084 0.3207274222 525.000000
frame-000152.color.png 0.9539389197 -0.1846316567 0.1768124930 0.1570000994 -0.5347181820 -0.6382187854 0.3205151265 525.000000
frame-000153.color.png 0.9542208356 -0.1900295847 0.1724468588 0.1536666353 -0.5327981180 -0.6401267222 0.3350096684 525.000000
frame-000154.color.png 0.9550504632 -0.1890799188 0.1702404153 0.1521367743 -0.5220236009 -0.6371037603 0.3379379686 525.000000
frame-000155.color.png 0.9541279785 -0.1900050922 0.1732807833 0.1533350438 -0.4993574302 -0.6523449466 0.2994173436 525.000000
frame-000156.color.png 0.9549704894 -0.1881157593 0.1701324522 0.1539440619 -0.4942361743 -0.6484754378 0.3116690627 525.000000
frame-000157.color.png 0.9544828976 -0.1911866164 0.1718239518 0.1512831961 -0.4852658176 -0.6664339427 0.2800588490 525.000000
frame-000158.color.png 0.9563853131 -0.1837177839 0.1708438389 0.1496238335 -0.4827391058 -0.6573103799 0.2997035014 525.000000
frame-000159.color.png 0.9561773991 -0.1828854651 0.1745318318 0.1477035133 -0.4853966939 -0.6658764879 0.3076086732 525.000000
frame-000160.color.png 0.9558248549 -0.1826828214 0.1747853272 0.1499197213 -0.4816096208 -0.6775680214 0.2828310195 525.000000
frame-000161.color.png 0.9566990975 -0.1769862063 0.1774490094 0.1480357005 -0.4816234620 -0.6506333592 0.3464894341 525.000000
frame-000162.color.png 0.9559713404 -0.1826735186 0.1775958580 0.1456327341 -0.4791854434 -0.6545024413 0.3595711244 525.000000
frame-000163.color.png 0.9583708861 -0.1762040125 0.1761176531 0.1394989711 -0.4761812618 -0.6506692212 0.3595643006 525.000000
frame-000164.color.png 0.9583882777 -0.1776495360 0.1757927469 0.1379473146 -0.4729453109 -0.6480521693 0.3664726404 525.000000
frame-000165.color.png 0.9591433389 -0.1738892471 0.1773203963 0.1355140666 -0.4753398571 -0.6518084049 0.3753413495 525.000000
frame-000166.color.png 0.9579157965 -0.1724075102 0.1863744502 0.1339311073 -0.4892795589 -0.6479134751 0.3878594712 525.000000
frame-000167.color.png 0.9592404614 -0.1698485795 0.1816658365 0.1341891240 -0.4769040485 -0.6407824596 0.3973371284 525.000000
frame-000168.color.png 0.9595268586 -0.1694171558 0.1812068612 0.1333045700 -0.4660640274 -0.6538063740 0.3809660973 525.000000
frame-000169.color.png 0.9589334692 -0.1699621844 0.1795485670 0.1390027683 -0.4627803881 -0.6532713818 0.3905405448 525.000000
frame-000170.color.png 0.9596587321 -0.1679478782 0.1812374935 0.1341700378 -0.4642530700 -0.6476440037 0.3969402093 525.000000
frame-000171.color.png 0.9599128777 -0.1663702062 0.1800712867 0.1358769788 -0.4763109181 -0.6291655341 0.4198663702 525.000000
frame-000172.color.png 0.9592106082 -0.1673636682 0.1807460631 0.1386912845 -0.4625681668 -0.6341947544 0.4056853993 525.000000
frame-000173.color.png 0.9579617482 -0.1682254208 0.1863727041 0.1388333961 -0.4723493387 -0.6452568442 0.4071551424 525.000000
frame-000174.color.png 0.9579540517 -0.1709293533 0.1817572837 0.1416738537 -0.4583695161 -0.6416590274 0.4192412252 525.000000
frame-000175.color.png 0.9558696769 -0.1759924981 0.1850328545 0.1452674916 -0.4433456592 -0.6616660925 0.4152071513 525.000000
frame-000176.color.png 0.9551658109 -0.1766676620 0.1907890757 0.1415850960 -0.4533039798 -0.6693869016 0.4121554076 525.000000
frame-000177.color.png 0.9546849704 -0.1778441486 0.1979294741 0.1333116249 -0.4726735390 -0.6563877621 0.4433838534 525.000000
frame-000178.color.png 0.9527828231 -0.1809135167 0.2008561420 0.1383184791 -0.4615104206 -0.6788754039 0.4370738923 525.000000
frame-000179.color.png 0.9540717593 -0.1784435871 0.1974072021 0.1376058169 -0.4602393326 -0.6719984907 0.4419577411 525.000000
frame-000180.color.png 0.9521258015 -0.1791743143 0.2034908017 0.1412250575 -0.4610028058 -0.6756036189 0.4450775340 525.000000
frame-000181.color.png 0.9534044199 -0.1727548205 0.2005980716 0.1446934614 -0.4524874085 -0.6888702135 0.4293055344 525.000000
frame-000182.color.png 0.9537172708 -0.1733866772 0.1957136649 0.1485146081 -0.4387156252 -0.6775259363 0.4278225074 525.000000
frame-000183.color.png 0.9541202224 -0.1759637374 0.1983028437 0.1391666143 -0.4616279278 -0.6712567001 0.4528136976 525.000000
frame-000184.color.png 0.9539786929 -0.1786002203 0.1963994484 0.1394771358 -0.4642371445 -0.6743507688 0.4435357778 525.000000
frame-000185.color.png 0.9543718034 -0.1785652271 0.1967228065 0.1363416954 -0.4627247276 -0.6714128630 0.4558362608 525.000000
frame-000186.color.png 0.9526873255 -0.1831458313 0.2023579893 0.1337748423 -0.4769224913 -0.6749634543 0.4748853514 525.000000
frame-000187.color.png 0.9528310285 -0.1852245393 0.1990134243 0.1349020315 -0.4652656317 -0.6871438707 0.4686394257 525.000000
frame-000188.color.png 0.9548983123 -0.1733276431 0.1929373042 0.1445750253 -0.4345522824 -0.6846523191 0.4552127391 525.000000
frame-000189.color.png 0.9557764326 -0.1759913526 0.1905641467 0.1385776342 -0.4443409024 -0.7135593712 0.4468782218 525.000000
frame-000190.color.png 0.9564215203 -0.1700540136 0.1860921995 0.1473404262 -0.4141297784 -0.7191781566 0.4198673639 525.000000
frame-000191.color.png 0.9573528973 -0.1664278508 0.1852171130 0.1465326638 -0.4029384205 -0.7189886405 0.4176437985 525.000000
frame-000192.color.png 0.9587915348 -0.1630980717 0.1856505585 0.1401844566 -0.4031926125 -0.7229070358 0.4315090566 525.000000
frame-000193.color.png 0.9586096926 -0.1609476740 0.1862594056 0.1430759843 -0.4061751920 -0.7324060337 0.4252626339 525.000000
frame-000194.color.png 0.9607761213 -0.1610174868 0.1762920850 0.1410805250 -0.3892670349 -0.7306217147 0.4215571283 525.000000
frame-000195.color.png 0.9615851249 -0.1602265125 0.1733086140 0.1401628930 -0.3747516190 -0.7415774192 0.4193701671 525.000000
frame-000196.color.png 0.9624292583 -0.1633248003 0.1707159548 0.1338319660 -0.3615664774 -0.7434759568 0.4337843795 525.000000
frame-000197.color.png 0.9627287902 -0.1653804552 0.1657659249 0.1353670556 -0.3627979966 -0.7432137446 0.4439983068 525.000000
frame-000198.color.png 0.9654892905 -0.1595077422 0.1571059106 0.1330618015 -0.3293247045 -0.7460084912 0.4305297215 525.000000
frame-000199.color.png 0.9657865883 -0.1556672779 0.1639915047 0.1270068928 -0.3755046488 -0.7060112934 0.4418811018 525.000000
frame-000200.color.png 0.9659157604 -0.1572723469 0.1600836450 0.1290169732 -0.3542920547 -0.7418348525 0.4543094717 525.000000
frame-000201.color.png 0.9674601674 -0.1522721868 0.1569470015 0.1272856803 -0.3305851510 -0.7470283018 0.4300774055 525.000000
frame-000202.color.png 0.9658577671 -0.1603426332 0.1554854136 0.1312756634 -0.2595798380 -0.8590090685 0.4397591498 525.000000
frame-000203.color.png 0.9675765823 -0.1559031474 0.1546075038 0.1248450475 -0.2772455147 -0.8006712673 0.4197264677 525.000000
frame-000204.color.png 0.9673963485 -0.1560730096 0.1548552465 0.1257194222 -0.2782459193 -0.8269648705 0.4185070693 525.000000
frame-000205.color.png 0.9685918723 -0.1555827214 0.1484099881 0.1248930629 -0.2812768891 -0.7493902562 0.4205971800 525.000000
frame-000206.color.png 0.9619895898 -0.1879993940 0.1436435432 0.1363773792 -0.1600505565 -0.9145055997 0.5432778713 525.000000
frame-000207.color.png 0.9725494047 -0.1417845646 0.1499492792 0.1075174695 -0.3272447067 -0.7318444473 0.4584250064 525.000000
frame-000208.color.png 0.9653655512 -0.1783906749 0.1386513473 0.1304680938 -0.0908381858 -0.9750673310 0.6803633948 525.000000
frame-000209.color.png 0.9698054051 -0.1551776073 0.1351592459 0.1308791985 -0.2434193692 -0.8308259159 0.4263970817 525.000000
frame-000210.color.png 0.9722799632 -0.1407099550 0.1345962020 0.1294459122 -0.2569220501 -0.7836143857 0.3889744383 525.000000
frame-000211.color.png 0.9696232726 -0.1675389118 0.1275388483 0.1244799760 -0.2190714570 -0.8564273126 0.3998013926 525.000000
frame-000212.color.png 0.9736786274 -0.1406929794 0.1298171007 0.1237050385 -0.2463589471 -0.8137138810 0.3815810529 525.000000
frame-000213.color.png 0.9688555931 -0.1748621865 0.1252050675 0.1227426028 -0.2468125257 -0.8724277134 0.3973231131 525.000000
frame-000214.color.png 0.9693378619 -0.1712454876 0.1224386001 0.1267591481 -0.1997833558 -0.8640269025 0.4135664915 525.000000
frame-000215.color.png 0.9687329397 -0.1739776988 0.1217199767 0.1283452344 -0.1935776306 -0.8809805950 0.4275984735 525.000000
frame-000216.color.png 0.9689914511 -0.1711779243 0.1288870732 0.1230520554 -0.2227061225 -0.8655393596 0.4034444816 525.000000
frame-000217.color.png 0.9683579053 -0.1755487445 0.1273527302 0.1234782881 -0.2234725647 -0.8798155953 0.3954313189 525.000000
frame-000218.color.png 0.9681487923 -0.1747788426 0.1308294848 0.1225720937 -0.1834847892 -0.9332563680 0.4806648053 525.000000
frame-000219.color.png 0.9675068948 -0.1786390293 0.1313012600 0.1215667914 -0.2024992394 -0.9243831365 0.4334782698 525.000000
frame-000220.color.png 0.9703166736 -0.1627506996 0.1272180549 0.1257510606 -0.2157972099 -0.8898438240 0.3910464647 525.000000
frame-000221.color.png 0.9686850316 -0.1731751536 0.1263492783 0.1252818246 -0.2233232839 -0.9101788871 0.3805652971 525.000000
frame-000222.color.png 0.9735915414 -0.1521814975 0.1226710685 0.1179496131 -0.1912326050 -0.8951479467 0.4133826926 525.000000
frame-000223.color.png 0.9689940934 -0.1770526291 0.1226730645 0.1210542556 -0.2292682548 -0.9217800054 0.3595862676 525.000000
frame-000224.color.png 0.9703078728 -0.1756064473 0.1182367190 0.1169832721 -0.1099365255 -0.9856889672 0.5721090574 525.000000
frame-000225.color.png 0.9711532952 -0.1689351300 0.1180001792 0.1199923196 -0.0724165321 -1.0011576162 0.6579442076 525.000000
frame-000226.color.png 0.9744054023 -0.1530021366 0.1143091957 0.1185658716 -0.2071953829 -0.8809695948 0.3762719542 525.000000
frame-000227.color.png 0.9729400020 -0.1620149067 0.1156502259 0.1173198527 -0.1897838122 -0.9085348742 0.4126396504 525.000000
frame-000228.color.png 0.9727362566 -0.1607420641 0.1109992222 0.1250013460 -0.1586773159 -0.9208856947 0.4417609842 525.000000
frame-000229.color.png 0.9738019264 -0.1551716619 0.1116397549 0.1231589570 -0.2011335658 -0.9114065738 0.3888634742 525.000000
frame-000230.color.png 0.9732229323 -0.1556232176 0.1150548773 0.1240198108 -0.1856513426 -0.9193014360 0.4042590649 525.000000
frame-000231.color.png 0.9736690193 -0.1548967878 0.1130279353 0.1232895444 -0.2023975101 -0.9191672406 0.3960023171 525.000000
frame-000232.color.png 0.9735832365 -0.1536518811 0.1151057357 0.1236019847 -0.1893396952 -0.9145957181 0.4016079721 525.000000
frame-000233.color.png 0.9748694238 -0.1442643732 0.1156189800 0.1242966151 -0.1966637205 -0.9098399499 0.4093546971 525.000000
frame-000234.color.png 0.9734780471 -0.1539121321 0.1159335809 0.1233326891 -0.1532815320 -0.9367971294 0.4794415933 525.000000
frame-000235.color.png 0.9750071010 -0.1469720784 0.1125368084 0.1228650799 -0.1675007614 -0.9166152165 0.4401136357 525.000000
frame-000236.color.png 0.9748641525 -0.1477803630 0.1153159779 0.1204287080 -0.1528641196 -0.9251482398 0.4565832327 525.000000
frame-000237.color.png 0.9734884812 -0.1565123490 0.1175293771 0.1183676776 -0.1416611146 -0.9633232272 0.5114530155 525.000000
frame-000238.color.png 0.9756625024 -0.1472891033 0.1158664772 0.1138576346 -0.1708500961 -0.9500972216 0.4748354302 525.000000
frame-000239.color.png 0.9741824549 -0.1492559990 0.1213446474 0.1181806581 -0.1745137594 -0.9695771861 0.4685467343 525.000000
frame-000240.color.png 0.9774780098 -0.1293973791 0.1164506343 0.1192992385 -0.2095049443 -0.8719842136 0.4306149007 525.000000
frame-000241.color.png 0.9750984112 -0.1436794221 0.1216165731 0.1172549414 -0.2065887983 -0.8912253006 0.4862144239 525.000000
frame-000242.color.png 0.9752463796 -0.1418564359 0.1213519678 0.1185113945 -0.1799106744 -0.9337218318 0.4731580829 525.000000
frame-000243.color.png 0.9746579465 -0.1444305028 0.1240700280 0.1174237852 -0.1656990244 -0.9531151827 0.5211665930 525.000000
frame-000244.color.png 0.9738657523 -0.1470402242 0.1269414511 0.1176883046 -0.1467203899 -0.9810515748 0.5684167672 525.000000
frame-000245.color.png 0.9758329355 -0.1344551562 0.1281411282 0.1151162204 -0.1751865264 -0.9511584739 0.6184753341 525.000000
frame-000246.color.png 0.9744233693 -0.1386414834 0.1290979285 0.1208774637 -0.1411388658 -0.9741487394 0.5751047793 525.000000
frame-000247.color.png 0.9746786193 -0.1361605265 0.1271942757 0.1236265192 -0.1221831475 -0.9865687060 0.6417207656 525.000000
frame-000248.color.png 0.9755430603 -0.1286711136 0.1286522573 0.1233210396 -0.1507418639 -0.9310594693 0.5976660895 525.000000
frame-000249.color.png 0.9735426009 -0.1471802909 0.1282948839 0.1187147381 -0.1731840217 -0.9998813776 0.5896859371 525.000000
frame-000250.color.png 0.9744712174 -0.1469959436 0.1254099010 0.1143258318 -0.1802212726 -0.9724157567 0.5901282656 525.000000
frame-000251.color.png 0.9754597152 -0.1354051053 0.1314310682 0.1134445931 -0.2203271126 -0.8311114610 0.5657471283 525.000000
frame-000252.color.png 0.9751374002 -0.1374614802 0.1291913386 0.1162797930 -0.1930930644 -0.8576445106 0.5813503718 525.000000
frame-000253.color.png 0.9756339895 -0.1426469424 0.1326588342 0.1009544554 -0.2547998723 -0.8236196885 0.5810008186 525.000000
frame-000254.color.png 0.9736145772 -0.1538729530 0.1356465487 0.0999889159 -0.2490532669 -0.8245525342 0.5996682418 525.000000
frame-000255.color.png 0.9764240290 -0.1342365113 0.1390676897 0.0961085447 -0.2647340187 -0.8567720396 0.6346286251 525.000000
frame-000256.color.png 0.9755109937 -0.1419445197 0.1388153789 0.0946590996 -0.2423258995 -0.8835909407 0.6206489269 525.000000
frame-000257.color.png 0.9728850159 -0.1544056368 0.1417920129 0.0977172979 -0.1269380697 -1.1252613687 0.7612928361 525.000000
frame-000258.color.png 0.9735152694 -0.1516322268 0.1421911037 0.0951702581 -0.2851088401 -0.8055875597 0.6054986282 525.000000
frame-000259.color.png 0.9732531334 -0.1595957196 0.1368340230 0.0926498506 -0.2680112422 -0.8350645197 0.6165549257 525.000000
frame-000260.color.png 0.9750413991 -0.1452134416 0.1390338160 0.0942174315 -0.2794838042 -0.8446146463 0.6246611807 525.000000
frame-000261.color.png 0.9741316821 -0.1503979913 0.1385334400 0.0962101664 -0.1421676707 -1.0720535208 0.7227948807 525.000000
frame-000262.color.png 0.9730618335 -0.1536230699 0.1404453140 0.0991248422 -0.2961398482 -0.8151547838 0.6053238193 525.000000
frame-000263.color.png 0.9739248282 -0.1511632895 0.1392994497 0.0959987100 -0.2285168571 -0.9035589116 0.6637225612 525.000000
frame-000264.color.png 0.9754391847 -0.1448134872 0.1355392795 0.0957943345 -0.2844991145 -0.8031679702 0.6183774617 525.000000
frame-000265.color.png 0.9732210620 -0.1563251004 0.1381036879 0.0965950253 -0.0930144680 -1.1422082009 0.8514891717 525.000000
frame-000266.color.png 0.9738398803 -0.1544794913 0.1372347471 0.0945441612 -0.2774530726 -0.8312462143 0.6357800485 525.000000
frame-000267.color.png 0.9722203193 -0.1655383390 0.1353769734 0.0951723917 -0.2821211800 -0.8200953573 0.6304173453 525.000000
frame-000268.color.png 0.9739840174 -0.1568937272 0.1372429942 0.0889036152 -0.3099060836 -0.7797742572 0.6163762951 525.000000
frame-000269.color.png 0.9789654396 -0.1321250653 0.1381458496 0.0713117066 -0.2419830622 -0.8824434871 0.7005231834 525.000000
frame-000270.color.png 0.9736306594 -0.1574827640 0.1347246622 0.0953508440 -0.1098786558 -1.1250061335 0.7975296644 525.000000
frame-000271.color.png 0.9742100244 -0.1562730422 0.1369576665 0.0879554557 -0.0996062471 -1.2170013090 0.8458882754 525.000000
frame-000272.color.png 0.9760803502 -0.1453713145 0.1391689010 0.0822578130 -0.3165673568 -0.7876981529 0.6067339473 525.000000
frame-000273.color.png 0.9768553266 -0.1383865998 0.1394373837 0.0846169949 -0.2033708146 -0.9381482904 0.7321367754 525.000000
frame-000274.color.png 0.9743852910 -0.1489818521 0.1431055254 0.0888736234 -0.2844431136 -0.8281222734 0.6588161087 525.000000
frame-000275.color.png 0.9760100084 -0.1421370220 0.1418222793 0.0841900915 -0.2476651012 -0.8580823893 0.6874367000 525.000000
frame-000276.color.png 0.9775104769 -0.1270320907 0.1444970678 0.0863522605 -0.3565088767 -0.7283596349 0.5794872680 525.000000
frame-000277.color.png 0.9773034253 -0.1322764873 0.1432775411 0.0827797805 -0.2033031850 -0.8903280044 0.7353073525 525.000000
frame-000278.color.png 0.9759121432 -0.1349652115 0.1500625097 0.0828318995 -0.3043634815 -0.7837221234 0.6422623939 525.000000
frame-000279.color.png 0.9763674192 -0.1336472022 0.1492227089 0.0811028436 -0.3072965653 -0.7698169183 0.6345301074 525.000000
frame-000280.color.png 0.9756242273 -0.1388716639 0.1479909031 0.0834908419 -0.1509915543 -0.9831526844 0.8196025633 525.000000
frame-000281.color.png 0.9763853005 -0.1334212358 0.1439775672 0.0902273736 -0.1072431497 -0.9601092268 0.8241982450 525.000000
frame-000282.color.png 0.9762505489 -0.1312293316 0.1510338120 0.0830813819 -0.3419383435 -0.6878716081 0.5796891361 525.000000
frame-000283.color.png 0.9756270983 -0.1320845183 0.1487323773 0.0926505535 -0.0387546364 -1.0568774452 0.9270239508 525.000000
frame-000284.color.png 0.9764236927 -0.1325450381 0.1458048016 0.0881450225 -0.3716591378 -0.6569821560 0.5409862581 525.000000
frame-000285.color.png 0.9754836620 -0.1409450686 0.1401873937 0.0944119037 -0.0044066510 -1.1567248549 1.0136948077 525.000000
frame-000286.color.png 0.9812069179 -0.1057701892 0.1401153103 0.0800834018 -0.3665696469 -0.6360631537 0.5327228932 525.000000
frame-000287.color.png 0.9812509955 -0.1125735039 0.1364630594 0.0764952515 -0.4140730653 -0.5939136362 0.4811338474 525.000000
frame-000288.color.png 0.9813481318 -0.1066407078 0.1404839951 0.0764712412 -0.2800708677 -0.6955060696 0.6216203134 525.000000
frame-000289.color.png 0.9814842812 -0.1061016868 0.1399279984 0.0764930918 -0.4937683238 -0.5444716069 0.4123732185 525.000000
frame-000290.color.png 0.9768393681 -0.1417160006 0.1421237619 0.0741772228 -0.4207145427 -0.6460087396 0.5126776700 525.000000
frame-000291.color.png 0.9775855499 -0.1309109745 0.1436161746 0.0810136030 -0.5177899805 -0.4925095417 0.3821687982 525.000000
frame-000292.color.png 0.9796169142 -0.1250818757 0.1397125389 0.0720113343 -0.3923146173 -0.6162402769 0.5077768357 525.000000
frame-000293.color.png 0.9789507125 -0.1338989108 0.1352046688 0.0737989278 -0.3102083799 -0.7003228707 0.5980158909 525.000000
frame-000294.color.png 0.9803785994 -0.1225877912 0.1360444793 0.0729515928 -0.4371035059 -0.5767460512 0.4620040960 525.000000
frame-000295.color.png 0.9806578321 -0.1237559235 0.1338304273 0.0713029072 -0.4902335689 -0.5304001181 0.4139549907 525.000000
frame-000296.color.png 0.9808182800 -0.1216696957 0.1346662783 0.0711124484 -0.3743316709 -0.6340326094 0.5260030407 525.000000
frame-000297.color.png 0.9809063813 -0.1261813490 0.1179271572 0.0894098646 0.0329708165 -1.1317824039 1.0457355486 525.000000
frame-000298.color.png 0.9815881862 -0.1208131456 0.1254826489 0.0783767913 0.0715600347 -1.1512969233 1.0781997103 525.000000
frame-000299.color.png 0.9820304680 -0.1261404348 0.1156957069 0.0794937353 0.0347946255 -1.1826986712 1.0695745706 525.000000
frame-000300.color.png 0.9847296923 -0.1064232317 0.1067942533 0.0870431863 0.0625223124 -1.4113486469 1.3153872079 525.000000
frame-000301.color.png 0.9857825704 -0.1038799135 0.1120789204 0.0698570183 -0.0166686191 -0.9951194344 0.9317403369 525.000000
frame-000302.color.png 0.9838035190 -0.1179528160 0.1145799575 0.0713386468 0.0325525676 -1.2595665680 1.1469328356 525.000000
frame-000303.color.png 0.9839406672 -0.1182809186 0.1062795806 0.0810866110 0.0520113388 -1.3847957567 1.2937503026 525.000000
frame-000304.color.png 0.9850790711 -0.1100313323 0.1034540208 0.0825202718 0.0392703118 -1.3444340073 1.2631056939 525.000000
frame-000305.color.png 0.9895090811 -0.0866832894 0.0822073324 0.0812387856 0.0541594910 -1.4888845154 1.4028061312 525.000000
frame-000306.color.png 0.9880105742 -0.1004771329 0.0867625045 0.0788144581 0.0550947952 -1.3334178769 1.2480489733 525.000000
frame-000307.color.png 0.9893285125 -0.0979041243 0.0717432817 0.0806025945 0.0654296482 -1.3760053591 1.2922180196 525.000000
frame-000308.color.png 0.9858786156 -0.1110456962 0.1057595042 0.0672839954 0.0100812214 -1.4161102344 1.3466774009 525.000000
frame-000309.color.png 0.9868604930 -0.1120778030 0.0882378749 0.0758881470 0.0545596683 -1.3861817034 1.2953439866 525.000000
frame-000310.color.png 0.9861361477 -0.1106020712 0.0970253241 0.0767382988 0.0532584513 -1.3785969717 1.2891876748 525.000000
frame-000311.color.png 0.9867007115 -0.1085791327 0.0914501006 0.0791780081 0.0472544255 -1.4225559763 1.3363968799 525.000000
frame-000312.color.png 0.9879418929 -0.1047167917 0.0904059065 0.0695124585 0.0118064273 -1.2917525451 1.2238714989 525.000000
frame-000313.color.png 0.9885163607 -0.0893862402 0.1004652437 0.0689364889 -0.0125451825 -1.2667960452 1.2393125927 525.000000
frame-000314.color.png 0.9877385517 -0.1031933078 0.0860872955 0.0794523270 0.0256144378 -1.3527545546 1.2794734950 525.000000
frame-000315.color.png 0.9886315660 -0.0872985701 0.0931107952 0.0794793443 0.0415595445 -1.3562860591 1.2840371160 525.000000
frame-000316.color.png 0.9845650596 -0.1137695317 0.1049412398 0.0817035692 0.0281930443 -1.3123367220 1.2339300172 525.000000
frame-000317.color.png 0.9846658518 -0.1057801084 0.1167041860 0.0749924131 0.0300553746 -1.4601297560 1.3872859051 525.000000
frame-000318.color.png 0.9835710747 -0.1115927073 0.1185153254 0.0780328545 -0.0116259237 -1.2723951214 1.1774493125 525.000000
frame-000319.color.png 0.9832617656 -0.1065384789 0.1188495800 0.0878671167 -0.0283841888 -1.2693387580 1.1699997610 525.000000
frame-000320.color.png 0.9828566257 -0.1105030785 0.1248877973 0.0786445235 0.1138692884 -1.3796379133 1.3779630977 525.000000
frame-000321.color.png 0.9857946726 -0.0902581749 0.1298165120 0.0566568487 -0.4303360444 -0.5868188297 0.4704951153 525.000000
frame-000322.color.png 0.9843741515 -0.0972717257 0.1196247885 0.0850626307 0.0060925461 -1.4626377856 1.4378083216 525.000000
frame-000323.color.png 0.9848712861 -0.0905596438 0.1219081966 0.0834619219 0.0659682065 -1.2438755623 1.3116802049 525.000000
frame-000324.color.png 0.9871415431 -0.0751290179 0.1197888363 0.0745509168 -0.0616933631 -1.0268362646 1.0935721105 525.000000
frame-000325.color.png 0.9871214926 -0.0843226238 0.1182573247 0.0670526587 0.0721418601 -1.2270781656 1.2505834412 525.000000
frame-000326.color.png 0.9864958683 -0.0808795316 0.1220469351 0.0734094598 0.0215296340 -1.2191885923 1.2647392378 525.000000
frame-000327.color.png 0.9864969292 -0.0795468615 0.1269278070 0.0662226349 -0.2827882814 -0.7189538077 0.6582956010 525.000000
frame-000328.color.png 0.9871979954 -0.0704991853 0.1294668077 0.0608960460 -0.3341355977 -0.6678069714 0.5849331090 525.000000
frame-000329.color.png 0.9862942198 -0.0761573908 0.1339974373 0.0588935539 -0.0690215020 -0.9620621808 1.0071832105 525.000000
frame-000330.color.png 0.9857500461 -0.0815207092 0.1351029112 0.0582960031 -0.4129444435 -0.6253368292 0.5161495178 525.000000
frame-000331.color.png 0.9853432256 -0.0867142814 0.1322279183 0.0639932709 -0.1666255874 -0.8396221115 0.8384977248 525.000000
frame-000332.color.png 0.9859475442 -0.0768625564 0.1321616514 0.0673267069 -0.3510132735 -0.6502614757 0.5673420017 525.000000
frame-000333.color.png 0.9840210490 -0.0912217330 0.1344096474 0.0729055359 -0.3396718099 -0.6760852414 0.5957501261 525.000000
frame-000334.color.png 0.9862763046 -0.0749557007 0.1260215009 0.0758898887 -0.4332257770 -0.5389221170 0.4148651135 525.000000
frame-000335.color.png 0.9870195048 -0.0613843708 0.1286313762 0.0740163850 -0.3066851155 -0.6483451406 0.6128754566 525.000000
frame-000336.color.png 0.9845685111 -0.0838136897 0.1280355212 0.0848941560 0.0276782714 -1.1576124554 1.2862007490 525.000000
frame-000337.color.png 0.9879361420 -0.0682241497 0.1186284985 0.0724908545 0.0337201538 -1.1593606284 1.2784122783 525.000000
frame-000338.color.png 0.9866657538 -0.0791021472 0.1207099895 0.0752505082 -0.0028832058 -1.2165405164 1.2736107409 525.000000
frame-000339.color.png 0.9878571273 -0.0714368298 0.1116590921 0.0810390186 -0.0099747145 -1.2611447559 1.3284331729 525.000000
frame-000340.color.png 0.9875219244 -0.0732867426 0.1094135150 0.0863607830 0.0124298658 -1.2453475222 1.3356904204 525.000000
frame-000341.color.png 0.9886583598 -0.0765543388 0.1082109804 0.0706007403 0.0383133844 -1.0596960590 1.1818923535 525.000000
frame-000342.color.png 0.9884998792 -0.0804444994 0.1092647292 0.0667674342 0.0246730055 -1.0637224320 1.2103000745 525.000000
frame-000343.color.png 0.9881937045 -0.0828438864 0.1060427649 0.0732463306 0.1228576222 -0.9995554341 1.1467283958 525.000000
frame-000344.color.png 0.9867607783 -0.0786051574 0.1215013875 0.0732243714 -0.0597180208 -1.0800277615 1.1747394259 525.000000
frame-000345.color.png 0.9872591077 -0.0705770271 0.1159602842 0.0830153597 -0.0123964274 -1.3013053042 1.3384946048 525.000000
frame-000346.color.png 0.9848443255 -0.0945202308 0.1134438452 0.0909839244 -0.0045208398 -1.3216941211 1.3488448425 525.000000
frame-000347.color.png 0.9866673357 -0.0746853769 0.1183048452 0.0831482210 -0.0075070063 -1.2765127354 1.3123577638 525.000000
frame-000348.color.png 0.9876518062 -0.0691761314 0.1202788985 0.0727431038 -0.0679300517 -1.0385275873 1.1518175510 525.000000
frame-000349.color.png 0.9879324353 -0.0636286330 0.1193242047 0.0755157899 -0.0014751205 -1.1982355301 1.2803428041 525.000000
frame-000350.color.png 0.9874989600 -0.0661855344 0.1238306388 0.0716327570 -0.1440162794 -0.7331114177 0.9423989820 525.000000
frame-000351.color.png 0.9877326661 -0.0649489082 0.1220786436 0.0725439477 -0.0468736156 -0.8898905253 1.1116508401 525.000000
frame-000352.color.png 0.9868988952 -0.0631156574 0.1271062405 0.0767527719 0.0232191451 -1.0084317875 1.1936503634 525.000000
frame-000353.color.png 0.9885745285 -0.0643160812 0.1177552190 0.0686844363 0.0123602349 -1.2276477798 1.2532118475 525.000000
frame-000354.color.png 0.9890058310 -0.0734483372 0.1126431663 0.0615168681 0.0510933006 -1.3485994915 1.3198270029 525.000000
frame-000355.color.png 0.9886422224 -0.0728967013 0.1177410651 0.0583923683 -0.0039312827 -1.0897243391 1.2075710276 525.000000
frame-000356.color.png 0.9884490781 -0.0804072950 0.1134082346 0.0603461610 -0.0081778120 -1.1377261184 1.2030145319 525.000000
frame-000357.color.png 0.9899041454 -0.0599435037 0.1111975144 0.0642780839 0.0073043086 -1.2493078310 1.3253330261 525.000000
frame-000358.color.png 0.9905152121 -0.0733770768 0.0925949564 0.0701540676 0.0289954615 -1.2771882134 1.2840641955 525.000000
frame-000359.color.png 0.9908172739 -0.0625975972 0.1014505773 0.0638000862 0.0166388851 -1.2841395720 1.3479063512 525.000000
frame-000360.color.png 0.9901631259 -0.0727495596 0.0910200789 0.0774585750 0.0541237136 -1.3775545014 1.3126140602 525.000000
frame-000361.color.png 0.9908977434 -0.0568440773 0.1032178880 0.0650882521 -0.0120687806 -1.2630525849 1.3680666730 525.000000
frame-000362.color.png 0.9899202236 -0.0707971685 0.0888573386 0.0845581768 0.0010410368 -1.1748184680 1.2555367099 525.000000
frame-000363.color.png 0.9900578819 -0.0744089940 0.0888596519 0.0797035409 0.0387397880 -1.3294037886 1.2934220474 525.000000
frame-000364.color.png 0.9902039990 -0.0684750350 0.0924971133 0.0790663893 0.0470226057 -1.3378792586 1.3054180667 525.000000
frame-000365.color.png 0.9899441830 -0.0719083311 0.0917391449 0.0801475877 0.0565162904 -1.3324322689 1.3085538998 525.000000
frame-000366.color.png 0.9897717245 -0.0704594165 0.0977412773 0.0763809314 0.0573774627 -1.3728513508 1.3137497465 525.000000
frame-000367.color.png 0.9893966610 -0.0708773636 0.1015719395 0.0758537258 0.0555718323 -1.3104527651 1.3136020530 525.000000
frame-000368.color.png 0.9890556053 -0.0729346505 0.1036491273 0.0755407486 0.0472389065 -1.3172690037 1.3113539348 525.000000
frame-000369.color.png 0.9885578520 -0.0722675624 0.1054379474 0.0800850294 0.0545205088 -1.3473967301 1.3039520291 525.000000
frame-000370.color.png 0.9883465245 -0.0721385196 0.1075743017 0.0799684378 0.0552785815 -1.3758688974 1.3134542369 525.000000
frame-000371.color.png 0.9878861541 -0.0748741887 0.1135582461 0.0746948933 0.0547248122 -1.3584023879 1.3240091586 525.000000
frame-000372.color.png 0.9879683911 -0.0744624111 0.1100148417 0.0791867544 0.0585287281 -1.3847013863 1.3225229753 525.000000
frame-000373.color.png 0.9880246561 -0.0698336459 0.1141315938 0.0768408757 0.0555148003 -1.3912193015 1.3225659758 525.000000
frame-000374.color.png 0.9872016999 -0.0776597203 0.1139590489 0.0800943614 0.0493644386 -1.3731475398 1.3347299192 525.000000
frame-000375.color.png 0.9872125166 -0.0788195757 0.1125318810 0.0808424224 0.0480606220 -1.3808119227 1.3376671075 525.000000
frame-000376.color.png 0.9873226621 -0.0773027073 0.1143673208 0.0783477398 0.0521671120 -1.3904439879 1.3363267045 525.000000
frame-000377.color.png 0.9870934516 -0.0780369543 0.1156389291 0.0786408902 0.0272167653 -1.3550307842 1.4034720830 525.000000
frame-000378.color.png 0.9875100741 -0.0768386791 0.1133882709 0.0778637976 0.0199955759 -1.3488584033 1.4044076775 525.000000
frame-000379.color.png 0.9872321854 -0.0836368442 0.1116427277 0.0768985807 0.0273351209 -1.3626975103 1.4261243407 525.000000
frame-000380.color.png 0.9869685002 -0.0844193147 0.1156032981 0.0735012682 -0.0361849140 -1.3670102306 1.4402816233 525.000000
frame-000381.color.png 0.9878808504 -0.0762007324 0.1090265772 0.0799879943 0.0561671159 -1.4030996992 1.5103563208 525.000000
frame-000382.color.png 0.9874581005 -0.0712538021 0.1165473160 0.0791588181 -0.0224837868 -1.3867120649 1.5231487997 525.000000
frame-000383.color.png 0.9902498142 -0.0544787758 0.1013358591 0.0785392396 0.0146162321 -1.4005194457 1.5233110255 525.000000
frame-000384.color.png 0.9899928231 -0.0552989385 0.1065641628 0.0741641213 -0.0101056652 -1.4455493645 1.5474015172 525.000000
frame-000385.color.png 0.9898091043 -0.0577896800 0.1021293150 0.0806715128 -0.0088381319 -1.6256528700 1.6431878631 525.000000
frame-000386.color.png 0.9882358910 -0.0721530613 0.1098949563 0.0781463888 -0.0651161003 -1.3837549229 1.5547603886 525.000000
frame-000387.color.png 0.9881518324 -0.0691102624 0.1124743270 0.0782895488 -0.0774120320 -1.3919830509 1.5436930087 525.000000
frame-000388.color.png 0.9873766431 -0.0747195313 0.1150335057 0.0791937429 -0.0828999844 -1.4115381576 1.5594930046 525.000000
frame-000389.color.png 0.9885286823 -0.0567730505 0.1128861692 0.0827319637 -0.0308131621 -1.4620760257 1.5780254125 525.000000
frame-000390.color.png 0.9880803544 -0.0619843210 0.1172986912 0.0780780012 -0.0368231730 -1.4736240273 1.5522698593 525.000000
frame-000391.color.png 0.9886007402 -0.0667416433 0.1109235832 0.0768770979 -0.0518144882 -1.4470584290 1.5266234759 525.000000
frame-000392.color.png 0.9868506772 -0.0897065510 0.1113452315 0.0753705187 -0.0377479240 -1.4391110044 1.5296584511 525.000000
frame-000393.color.png 0.9866410770 -0.0950800423 0.1102136881 0.0731581418 0.0002667565 -1.4271946261 1.4559768522 525.000000
frame-000394.color.png 0.9838844459 -0.1069575609 0.1222634833 0.0747202649 -0.0446741008 -1.4826066558 1.5310907818 525.000000
frame-000395.color.png 0.9840519232 -0.1009548308 0.1234486333 0.0788058974 -0.0689655472 -1.4433538781 1.5243209535 525.000000
frame-000396.color.png 0.9829122691 -0.1099401130 0.1227425034 0.0820421878 -0.0343163862 -1.4830899221 1.5283547425 525.000000
frame-000397.color.png 0.9822951052 -0.1083237154 0.1260085976 0.0865108794 -0.0508060984 -1.4893515581 1.5505075212 525.000000
frame-000398.color.png 0.9823030210 -0.1070197179 0.1244339481 0.0902427140 -0.0537155980 -1.4746742161 1.5567819086 525.000000
frame-000399.color.png 0.9826210574 -0.1057990312 0.1249316870 0.0874899775 -0.0616936583 -1.4702780965 1.5674286129 525.000000
frame-000400.color.png 0.9825270966 -0.0977816431 0.1334725483 0.0852310596 -0.0527734451 -1.4848367478 1.5532377100 525.000000
frame-000401.color.png 0.9822825040 -0.0963736154 0.1346187189 0.0878123518 -0.0604777439 -1.4892300039 1.5622287561 525.000000
frame-000402.color.png 0.9826175570 -0.0924801884 0.1313303875 0.0930724486 -0.0409855384 -1.4885082662 1.5704946827 525.000000
frame-000403.color.png 0.9830381535 -0.0914050998 0.1306002495 0.0906899737 -0.0426285329 -1.4813888936 1.5705042244 525.000000
frame-000404.color.png 0.9836201954 -0.0894095887 0.1306858316 0.0861304247 -0.0269856591 -1.6763363801 1.6362964925 525.000000
frame-000405.color.png 0.9821456681 -0.1033401124 0.1323161700 0.0848713085 -0.0574244576 -1.5113830643 1.5715710232 525.000000
frame-000406.color.png 0.9840059159 -0.0867195849 0.1265167570 0.0905846640 -0.0238739721 -1.5889138355 1.6130527374 525.000000
frame-000407.color.png 0.9842547000 -0.0834047851 0.1284713645 0.0882124467 -0.0271936616 -1.6649407044 1.6315258965 525.000000
frame-000408.color.png 0.9839294295 -0.0855674175 0.1291796914 0.0887338842 -0.0229693946 -1.7082619835 1.6476830503 525.000000
frame-000409.color.png 0.9840624401 -0.0813849262 0.1285991662 0.0919775095 -0.0288798286 -1.5338744259 1.5900786618 525.000000
frame-000410.color.png 0.9836681361 -0.0818484933 0.1312311681 0.0920662946 -0.0368017041 -1.5212977282 1.5861149472 525.000000
frame-000411.color.png 0.9836073712 -0.0820997281 0.1292245526 0.0952742830 -0.0293821620 -1.2195605809 1.5066970338 525.000000
frame-000412.color.png 0.9923576341 -0.0543928595 0.0892855898 0.0655425537 0.0988745390 -0.8425733709 1.2479022133 525.000000
frame-000413.color.png 0.9841648838 -0.0802308584 0.1269705519 0.0941327243 0.0400254875 -0.9973498986 1.4201753961 525.000000
frame-000414.color.png 0.9839374160 -0.0790701906 0.1286224453 0.0952435454 -0.0211319616 -1.2749426693 1.4834536253 525.000000
frame-000415.color.png 0.9848267698 -0.0766981297 0.1237832953 0.0943998208 -0.0143212458 -1.5516825764 1.6118684234 525.000000
frame-000416.color.png 0.9850580741 -0.0789478392 0.1239059133 0.0898618608 0.0826641609 -1.2654123970 1.5025574289 525.000000
frame-000417.color.png 0.9854798219 -0.0734493011 0.1232838246 0.0907514158 -0.0134733541 -1.5438274839 1.6126089234 525.000000
frame-000418.color.png 0.9856507053 -0.0696863471 0.1226856666 0.0926538041 0.0281083590 -1.0501835731 1.5652039320 525.000000
frame-000419.color.png 0.9860526195 -0.0691438199 0.1229745797 0.0882984507 -0.0126604600 -1.2841069365 1.5543464259 525.000000
frame-000420.color.png 0.9878783908 -0.0638672010 0.1159774304 0.0810339517 -0.0067194012 -1.4033602049 1.4845260938 525.000000
frame-000421.color.png 0.9855264610 -0.0704344194 0.1291761312 0.0842028171 -0.0213492024 -1.6763231695 1.6438780187 525.000000
frame-000422.color.png 0.9850591768 -0.0691379527 0.1301187721 0.0891485657 -0.0130253043 -1.6131536364 1.6398187202 525.000000
frame-000423.color.png 0.9852674467 -0.0688215132 0.1284322229 0.0895367076 0.1201387977 -1.0155052496 1.6761753889 525.000000
frame-000424.color.png 0.9853049300 -0.0713184675 0.1283188771 0.0873048501 0.0064295940 -1.5750518949 1.6525621398 525.000000
frame-000425.color.png 0.9857179059 -0.0675222059 0.1272540618 0.0872202119 -0.0099368067 -1.6598606657 1.6484553007 525.000000
frame-000426.color.png 0.9858035231 -0.0680414242 0.1269859783 0.0862342143 -0.0093532900 -1.6608218852 1.6484442034 525.000000
frame-000427.color.png 0.9853460294 -0.0719256698 0.1284053390 0.0862088704 0.0669151041 -1.4908798447 1.6579559492 525.000000
frame-000428.color.png 0.9855424727 -0.0702957082 0.1286798897 0.0848883617 -0.0162991845 -1.6785333510 1.6478343398 525.000000
frame-000429.color.png 0.9852896279 -0.0742895588 0.1280178654 0.0854215240 0.0545700647 -1.4648394848 1.6643221396 525.000000
frame-000430.color.png 0.9852791020 -0.0762964632 0.1271075635 0.0851328850 0.0848574097 -1.4793922434 1.7110885523 525.000000
frame-000431.color.png 0.9844740543 -0.0834182257 0.1281263828 0.0862314680 0.0496937707 -1.5749116355 1.6848250756 525.000000
frame-000432.color.png 0.9846231365 -0.0810484979 0.1264471933 0.0892161830 0.0343783897 -1.6327116034 1.6789264967 525.000000
frame-000433.color.png 0.9847409371 -0.0781460086 0.1266693582 0.0901851533 0.0189992287 -1.6577614424 1.6693408276 525.000000
frame-000434.color.png 0.9852081525 -0.0795709960 0.1245651988 0.0866998506 0.0434969478 -1.6440458135 1.6879255456 525.000000
frame-000435.color.png 0.9854516876 -0.0799205981 0.1228042335 0.0861207854 0.0441798950 -1.6491438064 1.6893013189 525.000000
frame-000436.color.png 0.9858782435 -0.0798736051 0.1202159619 0.0849259596 -0.0099795284 -1.4622926421 1.5934474434 525.000000
frame-000437.color.png 0.9857024561 -0.0799075416 0.1131724722 0.0959033077 -0.0039721234 -1.6691378778 1.6283489111 525.000000
frame-000438.color.png 0.9863641480 -0.0766378551 0.1099236756 0.0955468069 0.0155776309 -1.6791016023 1.6659429327 525.000000
frame-000439.color.png 0.9863152094 -0.0780579539 0.1108519272 0.0938142518 0.0936220956 -1.6681354355 1.7274360687 525.000000
frame-000440.color.png 0.9864156232 -0.0744365436 0.1130892245 0.0930282032 0.0136891193 -1.6830534045 1.6740688325 525.000000
frame-000441.color.png 0.9867369172 -0.0750031336 0.1098378983 0.0930613902 0.0258676822 -1.6835168167 1.6812143940 525.000000
frame-000442.color.png 0.9872083055 -0.0752361506 0.1061188081 0.0921850413 0.0679093907 -1.6770565484 1.7071359620 525.000000
frame-000443.color.png 0.9873390696 -0.0753363532 0.1077953941 0.0886913108 -0.0284079599 -1.6953564970 1.6396393905 525.000000
frame-000444.color.png 0.9875853074 -0.0735229498 0.1068327896 0.0886362877 0.0526017140 -1.6893155205 1.7084073692 525.000000
frame-000445.color.png 0.9869056555 -0.0785858667 0.1083342041 0.0900288231 0.0563201661 -1.6901644835 1.7235922652 525.000000
frame-000446.color.png 0.9871207110 -0.0760480397 0.1102661458 0.0874687070 0.0502663001 -1.6987992417 1.7362276406 525.000000
frame-000447.color.png 0.9883806284 -0.0712591358 0.1032556174 0.0858146054 0.0582822755 -1.7114851997 1.7366856750 525.000000
frame-000448.color.png 0.9885422898 -0.0720190535 0.1014424302 0.0854800008 0.0639497088 -1.7179003603 1.7497845130 525.000000
frame-000449.color.png 0.9889068735 -0.0679247329 0.1010910454 0.0850295642 0.0386139721 -1.7240227940 1.7475104347 525.000000
frame-000450.color.png 0.9896033595 -0.0653110648 0.0999077977 0.0802376942 0.0355302870 -1.7265429824 1.7427596714 525.000000
frame-000451.color.png 0.9894925202 -0.0615223345 0.1023782635 0.0814754319 0.0261152471 -1.7308177803 1.7575982803 525.000000
frame-000452.color.png 0.9902011228 -0.0532369833 0.1004437563 0.0811086421 0.0284746087 -1.7346859236 1.7689604885 525.000000
frame-000453.color.png 0.9907687677 -0.0479355603 0.1016227216 0.0758436114 0.0213674836 -1.7291930124 1.7677341895 525.000000
frame-000454.color.png 0.9901538726 -0.0478213513 0.1058374166 0.0781464537 0.0082095713 -1.7374855127 1.7849189453 525.000000
frame-000455.color.png 0.9906194854 -0.0458629708 0.1028911780 0.0773500393 0.0072291808 -1.7376422329 1.7851789227 525.000000
frame-000456.color.png 0.9909173068 -0.0455721849 0.1013842263 0.0756789645 -0.0040637887 -1.7505013926 1.7878623586 525.000000
frame-000457.color.png 0.9905861140 -0.0462520076 0.1036365158 0.0765465552 -0.0172988719 -1.7453502179 1.8027419055 525.000000
frame-000458.color.png 0.9902719073 -0.0491664058 0.1040532123 0.0782121675 -0.0162222203 -1.7493433575 1.8128516324 525.000000
frame-000459.color.png 0.9904565829 -0.0530198470 0.1019717944 0.0760684317 -0.0079965201 -1.7707106637 1.8164749052 525.000000
frame-000460.color.png 0.9899537653 -0.0497886695 0.1042576474 0.0815044411 -0.0150089887 -1.7803752747 1.8235893060 525.000000
frame-000461.color.png 0.9900971516 -0.0468727690 0.1030866871 0.0829681197 -0.0286466429 -1.7716178798 1.8565916568 525.000000
frame-000462.color.png 0.9903871733 -0.0457521155 0.1032659698 0.0798506755 -0.0349557346 -1.7657450985 1.8688656827 525.000000
frame-000463.color.png 0.9905457616 -0.0494414526 0.1029919071 0.0759427684 -0.0389373068 -1.7861530950 1.8786050043 525.000000
frame-000464.color.png 0.9903711404 -0.0486999725 0.1055028665 0.0752493330 -0.0303185538 -1.7716892623 1.7864402579 525.000000
frame-000465.color.png 0.9902612135 -0.0483094760 0.1070542211 0.0747550489 -0.0209442234 -1.8010396894 1.7736790406 525.000000
frame-000466.color.png 0.9904206608 -0.0462577890 0.1066884657 0.0744627624 -0.0463221598 -1.8023455267 1.8388039234 525.000000
frame-000467.color.png 0.9909225989 -0.0469629810 0.1019694417 0.0739534611 -0.0233548645 -1.8092869468 1.7860083306 525.000000
frame-000468.color.png 0.9908392320 -0.0452143258 0.1035260630 0.0739975361 -0.0308697849 -1.8150439943 1.8044199689 525.000000
frame-000469.color.png 0.9910265721 -0.0425859610 0.1035440765 0.0730163916 -0.0090765081 -1.8063339985 1.7537891317 525.000000
frame-000470.color.png 0.9910842530 -0.0430556091 0.1038610259 0.0714919946 -0.0570524315 -1.8275907903 1.8752945202 525.000000
frame-000471.color.png 0.9909945022 -0.0442084995 0.1067814977 0.0676255637 -0.0479385319 -1.8250377427 1.8318839480 525.000000
frame-000472.color.png 0.9911363004 -0.0449915831 0.1051164486 0.0676396615 -0.0423246720 -1.8233823765 1.8237396182 525.000000
frame-000473.color.png 0.9914613387 -0.0452014674 0.1030842094 0.0658398587 -0.0126857353 -1.8074788567 1.7550135017 525.000000
frame-000474.color.png 0.9911723748 -0.0476953798 0.1049535622 0.0654768967 -0.0422156447 -1.8288073234 1.8261299523 525.000000
frame-000475.color.png 0.9912464281 -0.0471874306 0.1045262006 0.0654074803 -0.0520835535 -1.8174525115 1.8241226797 525.000000
frame-000476.color.png 0.9918224129 -0.0444758959 0.1011823081 0.0638148603 -0.0298798271 -1.8233850262 1.8057540965 525.000000
frame-000477.color.png 0.9917829002 -0.0455563579 0.1012943419 0.0634882151 -0.0103507539 -1.8018805347 1.7404744756 525.000000
frame-000478.color.png 0.9923474230 -0.0420077075 0.0984718475 0.0615243026 -0.0091325550 -1.8004211939 1.7417196573 525.000000
frame-000479.color.png 0.9925890684 -0.0368898093 0.0995066964 0.0591988223 -0.0129991064 -1.8074540749 1.7555179350 525.000000
frame-000480.color.png 0.9931651042 -0.0309607444 0.0947273651 0.0607555304 -0.0184649583 -1.8184066053 1.7826437563 525.000000
frame-000481.color.png 0.9930673794 -0.0269806607 0.0977100107 0.0595145178 -0.0208063489 -1.8095957930 1.7593092339 525.000000
frame-000482.color.png 0.9934773246 -0.0244172706 0.0941243084 0.0595585169 -0.0129062309 -1.8042794270 1.7442490179 525.000000
frame-000483.color.png 0.9937757006 -0.0210944001 0.0936367658 0.0565423672 -0.0194759681 -1.8151783634 1.7751888274 525.000000
frame-000484.color.png 0.9939052818 -0.0211818948 0.0921457706 0.0566813464 -0.0153212086 -1.8109366812 1.7639317277 525.000000
frame-000485.color.png 0.9941881363 -0.0182615602 0.0908814069 0.0547451822 -0.0124359514 -1.8044094616 1.7530415034 525.000000
frame-000486.color.png 0.9942689699 -0.0177949939 0.0912212193 0.0528322134 -0.0162459841 -1.8102805034 1.7619420560 525.000000
frame-000487.color.png 0.9945573071 -0.0082541889 0.0915849617 0.0489880201 -0.0080156890 -1.7856843174 1.7171844882 525.000000
frame-000488.color.png 0.9944579189 -0.0062460529 0.0929432269 0.0487441377 -0.0186564081 -1.8142448270 1.7683344615 525.000000
frame-000489.color.png 0.9946089781 -0.0022171729 0.0896206646 0.0521171887 -0.0114051125 -1.8006930324 1.7484514835 525.000000
frame-000490.color.png 0.9941214311 0.0025821600 0.0949612164 0.0519449723 -0.0107331678 -1.7929099992 1.7371946430 525.000000
frame-000491.color.png 0.9941507450 0.0104525772 0.0952854231 0.0497566883 -0.0020132096 -1.6404166446 1.5020050627 525.000000
frame-000492.color.png 0.9940423655 0.0104064056 0.0970054482 0.0485944981 -0.0135458866 -1.8013487776 1.7462318991 525.000000
frame-000493.color.png 0.9942299446 0.0104079924 0.0942329310 0.0501861096 -0.0109662813 -1.7874770419 1.7280562090 525.000000
frame-000494.color.png 0.9942078704 0.0119833088 0.0949082822 0.0489849838 -0.0129097726 -1.7819141195 1.7094318001 525.000000
frame-000495.color.png 0.9944700427 0.0105929897 0.0929579805 0.0477067772 -0.0176292284 -1.7913804409 1.7342023829 525.000000
frame-000496.color.png 0.9943256880 0.0099633437 0.0946930722 0.0474381708 -0.0158145879 -1.7774497760 1.7135443339 525.000000
frame-000497.color.png 0.9941037417 0.0219437196 0.0949596496 0.0475277683 0.0434263246 -1.3693967119 1.1937760151 525.000000
frame-000498.color.png 0.9944036036 0.0189354876 0.0938450200 0.0446769821 -0.0104450650 -1.7792953367 1.7103996248 525.000000
frame-000499.color.png 0.9942465358 0.0186845737 0.0946282091 0.0465855643 -0.0094157622 -1.7747275074 1.7183731162 525.000000
