frame-000000.color.png 0.9676558315 0.2145797965 -0.0910156382 -0.0965083227 1.9186466932 0.0055393660 1.0287735462 525.000000
frame-000001.color.png 0.9676580297 0.2146719908 -0.0906643881 -0.0966118140 1.9214581251 0.0040236400 1.0353127718 525.000000
frame-000002.color.png 0.9676224748 0.2141132344 -0.0917151415 -0.0972142060 1.9169096947 0.0042886818 1.0313529968 525.000000
frame-000003.color.png 0.9672392860 0.2146757774 -0.0920126238 -0.0994794014 1.9191688299 0.0028917172 1.0413557291 525.000000
frame-000004.color.png 0.9671608897 0.2154128218 -0.0919652058 -0.0986890605 1.9193348885 -0.0051206178 1.0349162817 525.000000
frame-000005.color.png 0.9671544915 0.2152864181 -0.0923024872 -0.0987127070 1.9149363041 0.0020169299 1.0293109417 525.000000
frame-000006.color.png 0.9671173693 0.2151873605 -0.0926607924 -0.0989564122 1.9168162346 -0.0038454609 1.0373214483 525.000000
frame-000007.color.png 0.9669530017 0.2158526040 -0.0926869241 -0.0990892527 1.9192566872 -0.0081640128 1.0455617905 525.000000
frame-000008.color.png 0.9668704225 0.2156892595 -0.0929631407 -0.0999879184 1.9183382988 -0.0077211214 1.0391361713 525.000000
frame-000009.color.png 0.9667883726 0.2160594739 -0.0931085752 -0.0998465805 1.9160648584 -0.0062168674 1.0323948860 525.000000
frame-000010.color.png 0.9666984179 0.2164261395 -0.0936704483 -0.0993968921 1.9178098440 -0.0099679790 1.0413867235 525.000000
frame-000011.color.png 0.9665901823 0.2167862529 -0.0931597604 -0.1001418947 1.9182070494 -0.0105322599 1.0477182865 525.000000
frame-000012.color.png 0.9666801651 0.2163941469 -0.0933325096 -0.0999603636 1.9164191484 -0.0117413756 1.0326901674 525.000000
frame-000013.color.png 0.9666105533 0.2167029196 -0.0934971715 -0.0998106294 1.9117096663 -0.0101963505 1.0359249115 525.000000
frame-000014.color.png 0.9663311110 0.2177334108 -0.0934010881 -0.1003622568 1.9183244705 -0.0165056754 1.0426634550 525.000000
frame-000015.color.png 0.9662645464 0.2172916236 -0.0945434224 -0.1008896331 1.9151606560 -0.0171355754 1.0444749594 525.000000
frame-000016.color.png 0.9659426153 0.2178257784 -0.0954355079 -0.1019747911 1.9144053459 -0.0200931374 1.0562958717 525.000000
frame-000017.color.png 0.9659115878 0.2180290126 -0.0968153623 -0.1005233297 1.9151849747 -0.0256262869 1.0564951897 525.000000
frame-000018.color.png 0.9656400941 0.2180927730 -0.0983915881 -0.1014585946 1.9123820066 -0.0246635005 1.0598616600 525.000000
frame-000019.color.png 0.9652558596 0.2190714673 -0.0990125828 -0.1023978815 1.9109884501 -0.0357986093 1.0710371733 525.000000
frame-000020.color.png 0.9650258337 0.2197897795 -0.0997370556 -0.1023235692 1.9082680941 -0.0389240831 1.0715903044 525.000000
frame-000021.color.png 0.9646468283 0.2195634710 -0.1034067855 -0.1027395522 1.9010148048 -0.0397383459 1.0736428499 525.000000
frame-000022.color.png 0.9643619453 0.2204878831 -0.1043114530 -0.1025195231 1.8975709677 -0.0452584811 1.0782735348 525.000000
frame-000023.color.png 0.9642794758 0.2205728919 -0.1056796168 -0.1017079664 1.8958721161 -0.0533676669 1.0855332613 525.000000
frame-000024.color.png 0.9633995675 0.2212275987 -0.1114588034 -0.1024527108 1.8831558228 -0.0566164032 1.1017569304 525.000000
frame-000025.color.png 0.9629969227 0.2222329741 -0.1127119183 -0.1026910682 1.8775913715 -0.0596217886 1.1016384363 525.000000
frame-000026.color.png 0.9627506523 0.2223130851 -0.1153423420 -0.1019029819 1.8788852692 -0.0680037215 1.1175007820 525.000000
frame-000027.color.png 0.9618845454 0.2220340224 -0.1209139719 -0.1042056893 1.8607028723 -0.0760472417 1.1207386255 525.000000
frame-000028.color.png 0.9617603589 0.2210329444 -0.1232238495 -0.1047727659 1.8500409126 -0.0792314708 1.1103953123 525.000000
frame-000029.color.png 0.9615757424 0.2194508059 -0.1268318246 -0.1054851826 1.8405472040 -0.0841115341 1.1188306808 525.000000
frame-000030.color.png 0.9605371637 0.2188075055 -0.1334649428 -0.1080682268 1.8184950352 -0.0921301246 1.1257499456 525.000000
frame-000031.color.png 0.9600264142 0.2187700337 -0.1372433253 -0.1079501094 1.8093012571 -0.0986321867 1.1323482990 525.000000
frame-000032.color.png 0.9593485947 0.2183721834 -0.1413999692 -0.1094070932 1.7982411385 -0.1045744941 1.1446166039 525.000000
frame-000033.color.png 0.9587472286 0.2176287238 -0.1459738305 -0.1101504929 1.7833933830 -0.1161429659 1.1429234743 525.000000
frame-000034.color.png 0.9572247105 0.2161436582 -0.1556670183 -0.1130068668 1.7544798851 -0.1367889643 1.1523487568 525.000000
frame-000035.color.png 0.9563113492 0.2157277120 -0.1603292629 -0.1149986313 1.7393183708 -0.1393629313 1.1583912373 525.000000
frame-000036.color.png 0.9557499041 0.2148373035 -0.1644778372 -0.1154733517 1.7252166271 -0.1443628222 1.1499233246 525.000000
frame-000037.color.png 0.9552892899 0.2137423213 -0.1685427625 -0.1154553153 1.7136243582 -0.1525687575 1.1618462801 525.000000
frame-000038.color.png 0.9536060841 0.2130194937 -0.1769788600 -0.1180534401 1.6852810383 -0.1545855105 1.1642988920 525.000000
frame-000039.color.png 0.9531869854 0.2118365733 -0.1802401546 -0.1186310405 1.6742957830 -0.1585245281 1.1608136892 525.000000
frame-000040.color.png 0.9529652106 0.2098693974 -0.1838018502 -0.1184441776 1.6593679190 -0.1621476859 1.1495670080 525.000000
frame-000041.color.png 0.9525288282 0.2069055548 -0.1883369856 -0.1200337561 1.6440821886 -0.1699057072 1.1530864239 525.000000
frame-000042.color.png 0.9516439787 0.2027675776 -0.1966393432 -0.1207974168 1.6191889048 -0.1745532453 1.1635090113 525.000000
frame-000043.color.png 0.9508325439 0.2009811532 -0.2018342108 -0.1216018124 1.6012566090 -0.1729959249 1.1559854746 525.000000
frame-000044.color.png 0.9501252316 0.1990650778 -0.2069553398 -0.1216742635 1.5912377834 -0.1785720736 1.1691526175 525.000000
frame-000045.color.png 0.9483273468 0.1979740862 -0.2155940404 -0.1224774032 1.5653046370 -0.1823308021 1.1746515036 525.000000
frame-000046.color.png 0.9472130039 0.1968764711 -0.2211264719 -0.1230051373 1.5495884418 -0.1827971935 1.1861582994 525.000000
frame-000047.color.png 0.9461700009 0.1967845062 -0.2251102486 -0.1239498423 1.5340268612 -0.1866847724 1.1911007166 525.000000
frame-000048.color.png 0.9451308465 0.1964428899 -0.2288458978 -0.1255684242 1.5249735117 -0.1918315440 1.1925340891 525.000000
frame-000049.color.png 0.9428857690 0.1944712090 -0.2383836841 -0.1277520830 1.4972032309 -0.2024676353 1.2013167143 525.000000
frame-000050.color.png 0.9417536202 0.1945453966 -0.2417338189 -0.1296802539 1.4850831032 -0.2075090110 1.2064539194 525.000000
frame-000051.color.png 0.9409636394 0.1936138024 -0.2451706371 -0.1303552204 1.4755781889 -0.2177720815 1.2082475424 525.000000
frame-000052.color.png 0.9384189612 0.1920115043 -0.2545795541 -0.1330063385 1.4490363598 -0.2252613306 1.2159965038 525.000000
frame-000053.color.png 0.9374815004 0.1908066771 -0.2583953084 -0.1339892272 1.4375796318 -0.2326496542 1.2156119347 525.000000
frame-000054.color.png 0.9364766983 0.1894784737 -0.2625283521 -0.1348635086 1.4207679033 -0.2422013581 1.2199186087 525.000000
frame-000055.color.png 0.9333434182 0.1885301580 -0.2730366681 -0.1370307302 1.3916561604 -0.2483529299 1.2360571623 525.000000
frame-000056.color.png 0.9315329124 0.1879357073 -0.2786752701 -0.1388045275 1.3760021925 -0.2530184686 1.2391699553 525.000000
frame-000057.color.png 0.9299505731 0.1866075859 -0.2839632559 -0.1404792146 1.3597079515 -0.2609343529 1.2471431494 525.000000
frame-000058.color.png 0.9266464538 0.1851945567 -0.2939627885 -0.1435799598 1.3293590546 -0.2698932290 1.2500134706 525.000000
frame-000059.color.png 0.9253305685 0.1837368767 -0.2985937076 -0.1443810823 1.3114160299 -0.2703185678 1.2451126575 525.000000
frame-000060.color.png 0.9216715791 0.1837578840 -0.3083890812 -0.1471418195 1.2830377817 -0.2785255015 1.2630602121 525.000000
frame-000061.color.png 0.9185835109 0.1842333191 -0.3166636036 -0.1482787230 1.2567691803 -0.2861831188 1.2693986893 525.000000
frame-000062.color.png 0.9169211078 0.1840685842 -0.3208118748 -0.1498471864 1.2400444746 -0.2900038064 1.2735811472 525.000000
frame-000063.color.png 0.9139222771 0.1820118721 -0.3293490879 -0.1521411455 1.2131749392 -0.2991214097 1.2775117159 525.000000
frame-000064.color.png 0.9111254425 0.1793675055 -0.3366332778 -0.1560633275 1.1879651546 -0.3092856705 1.2743154764 525.000000
frame-000065.color.png 0.9097205274 0.1788677420 -0.3401290134 -0.1572486792 1.1807310581 -0.3132767379 1.2793829441 525.000000
frame-000066.color.png 0.9073341513 0.1755981739 -0.3473414150 -0.1589464084 1.1601420641 -0.3224695027 1.2711426020 525.000000
frame-000067.color.png 0.9060508122 0.1760232703 -0.3500401114 -0.1598738705 1.1468081474 -0.3107630908 1.2798054218 525.000000
frame-000068.color.png 0.9043379834 0.1743083894 -0.3547592250 -0.1610443711 1.1293851137 -0.3141066134 1.2796721458 525.000000
frame-000069.color.png 0.9027383275 0.1723406485 -0.3585384419 -0.1637449195 1.1134785414 -0.3225203156 1.2734434605 525.000000
frame-000070.color.png 0.9017102360 0.1708773392 -0.3613417079 -0.1647778972 1.1081399918 -0.3246328235 1.2716295719 525.000000
frame-000071.color.png 0.8996024942 0.1693951898 -0.3656794970 -0.1682234452 1.0939813852 -0.3235108852 1.2751356363 525.000000
frame-000072.color.png 0.8984768137 0.1667024472 -0.3692271155 -0.1691775591 1.0797880888 -0.3284884691 1.2663456202 525.000000
frame-000073.color.png 0.8976607728 0.1663706422 -0.3709439901 -0.1700779307 1.0712004900 -0.3271506727 1.2660613060 525.000000
frame-000074.color.png 0.8964309543 0.1660597666 -0.3733479721 -0.1716012521 1.0571146011 -0.3286826611 1.2636650801 525.000000
frame-000075.color.png 0.8957829255 0.1662107201 -0.3743147206 -0.1727293746 1.0431789160 -0.3253645003 1.2485899925 525.000000
frame-000076.color.png 0.8951048956 0.1648668129 -0.3754636594 -0.1750234278 1.0342251062 -0.3253211379 1.2415134907 525.000000
frame-000077.color.png 0.8951891811 0.1643796861 -0.3757398045 -0.1744570096 1.0311374664 -0.3237922788 1.2339532375 525.000000
frame-000078.color.png 0.8947919138 0.1633483502 -0.3767699758 -0.1752402147 1.0214527845 -0.3153088987 1.2238985300 525.000000
frame-000079.color.png 0.8946178097 0.1631627221 -0.3772611915 -0.1752452396 1.0167812109 -0.3090221882 1.2214586735 525.000000
frame-000080.color.png 0.8949170603 0.1608724857 -0.3778276003 -0.1746132957 1.0009406805 -0.2969793677 1.2103358507 525.000000
frame-000081.color.png 0.8950134799 0.1592299995 -0.3795477712 -0.1718725328 0.9862563014 -0.2814047039 1.2101843357 525.000000
frame-000082.color.png 0.8950198334 0.1590963452 -0.3790900550 -0.1729698844 0.9774602652 -0.2727827728 1.2081748247 525.000000
frame-000083.color.png 0.8949390589 0.1546698070 -0.3804718115 -0.1743632196 0.9608753324 -0.2613053024 1.1991844177 525.000000
frame-000084.color.png 0.8940510009 0.1527337279 -0.3805592222 -0.1803327328 0.9388908148 -0.2524664998 1.1952456236 525.000000
frame-000085.color.png 0.8934048130 0.1480716064 -0.3837177609 -0.1807299630 0.9191148877 -0.2441290915 1.1947990656 525.000000
frame-000086.color.png 0.8923417657 0.1465386924 -0.3859059798 -0.1825627553 0.9101715088 -0.2346417010 1.1869460344 525.000000
frame-000087.color.png 0.8921816757 0.1417527375 -0.3875690080 -0.1835981561 0.8960975409 -0.2277709842 1.1904561520 525.000000
frame-000088.color.png 0.8917789900 0.1390552495 -0.3899402905 -0.1825936482 0.8745351434 -0.2125526667 1.1856698990 525.000000
frame-000089.color.png 0.8906783751 0.1383515740 -0.3919841486 -0.1841176293 0.8618541360 -0.2035501301 1.1844280958 525.000000
frame-000090.color.png 0.8892065974 0.1347425543 -0.3958655270 -0.1855978332 0.8400352597 -0.2036640197 1.1942281723 525.000000
frame-000091.color.png 0.8878825291 0.1362605006 -0.3979289835 -0.1864140946 0.8280299902 -0.1930389702 1.1870483160 525.000000
frame-000092.color.png 0.8868173122 0.1369744903 -0.3984543865 -0.1898081812 0.8141400814 -0.1910711229 1.1816160679 525.000000
frame-000093.color.png 0.8858536028 0.1342010831 -0.4006409985 -0.1916774740 0.7976275086 -0.1790164113 1.1813504696 525.000000
frame-000094.color.png 0.8841015970 0.1309381983 -0.4049313840 -0.1930029241 0.7853811383 -0.1717199832 1.1827410460 525.000000
frame-000095.color.png 0.8842347156 0.1283657439 -0.4054169112 -0.1931018685 0.7742385864 -0.1621476263 1.1897840500 525.000000
frame-000096.color.png 0.8839557864 0.1273333410 -0.4061296969 -0.1935640908 0.7716774344 -0.1553634703 1.1812032461 525.000000
frame-000097.color.png 0.8846631136 0.1274851692 -0.4042752052 -0.1941140530 0.7720625997 -0.1562198848 1.1763082743 525.000000
frame-000098.color.png 0.8845696117 0.1282499392 -0.4037566777 -0.1951130449 0.7662807107 -0.1534121335 1.1618731022 525.000000
frame-000099.color.png 0.8833258273 0.1270651806 -0.4053886888 -0.1981159602 0.7615311146 -0.1552056670 1.1588189602 525.000000
frame-000100.color.png 0.8822527029 0.1290128771 -0.4071741786 -0.1979773576 0.7556207180 -0.1498626769 1.1461281776 525.000000
frame-000101.color.png 0.8815032736 0.1284152685 -0.4088703870 -0.1982082343 0.7398625016 -0.1422490031 1.1387277842 525.000000
frame-000102.color.png 0.8807841021 0.1284094178 -0.4103070318 -0.1984402340 0.7359927893 -0.1439653635 1.1347231865 525.000000
frame-000103.color.png 0.8800216628 0.1331270855 -0.4105585393 -0.1981936879 0.7264822721 -0.1401790977 1.1202737093 525.000000
frame-000104.color.png 0.8796225010 0.1354711432 -0.4111313492 -0.1971873190 0.7276481390 -0.1282710433 1.0880610943 525.000000
frame-000105.color.png 0.8805893007 0.1366024619 -0.4100300768 -0.1943645723 0.7239778638 -0.1113962010 1.0768346786 525.000000
frame-000106.color.png 0.8805683003 0.1369906153 -0.4097695569 -0.1947355903 0.7248201966 -0.1079492196 1.0654516220 525.000000
frame-000107.color.png 0.8802892357 0.1377417370 -0.4089797861 -0.1971131906 0.7293412089 -0.1041801646 1.0467592478 525.000000
frame-000108.color.png 0.8805938639 0.1382661752 -0.4067009418 -0.2000781236 0.7338998914 -0.0949822292 1.0189340115 525.000000
frame-000109.color.png 0.8800715425 0.1400314082 -0.4071165927 -0.2003031822 0.7348202467 -0.0824856907 0.9995797873 525.000000
frame-000110.color.png 0.8811698158 0.1407813484 -0.4051370662 -0.1989580992 0.7312667370 -0.0594959669 0.9789601564 525.000000
frame-000111.color.png 0.8820290505 0.1398623869 -0.4052522152 -0.1955349301 0.7361065745 -0.0372297540 0.9611929059 525.000000
frame-000112.color.png 0.8847152219 0.1394816119 -0.3989693748 -0.1965891504 0.7441427708 -0.0254482459 0.9332352281 525.000000
frame-000113.color.png 0.8862021664 0.1397618135 -0.3961703165 -0.1953495230 0.7506542206 -0.0008202214 0.9059035778 525.000000
frame-000114.color.png 0.8868055251 0.1398518922 -0.3953543711 -0.1941966276 0.7514671087 0.0166466571 0.8946872950 525.000000
frame-000115.color.png 0.8896809431 0.1405851570 -0.3880416633 -0.1952621331 0.7595808506 0.0226832330 0.8693518639 525.000000
frame-000116.color.png 0.8928914595 0.1447840094 -0.3785206104 -0.1962258385 0.7761096954 0.0278963596 0.8363635540 525.000000
frame-000117.color.png 0.8965440373 0.1461765437 -0.3680694567 -0.1984088766 0.7967264652 0.0357105732 0.8122007251 525.000000
frame-000118.color.png 0.8976795593 0.1477424807 -0.3644447334 -0.1988054441 0.8063699603 0.0532014295 0.7913507819 525.000000
frame-000119.color.png 0.8999949673 0.1463527398 -0.3591050514 -0.1990816328 0.8132909536 0.0642210990 0.7780074477 525.000000
frame-000120.color.png 0.9026029432 0.1464252861 -0.3524640401 -0.1990895853 0.8242312670 0.0825252905 0.7579632998 525.000000
frame-000121.color.png 0.9057580583 0.1475827570 -0.3443741642 -0.1980608613 0.8348194957 0.0924227908 0.7428908348 525.000000
frame-000122.color.png 0.9083989222 0.1488515286 -0.3368216362 -0.1980045603 0.8497444391 0.1127552167 0.7263619900 525.000000
frame-000123.color.png 0.9106099024 0.1521617156 -0.3289727130 -0.1985280134 0.8573302031 0.1111924201 0.7179684043 525.000000
frame-000124.color.png 0.9137862484 0.1593959807 -0.3184852421 -0.1953324451 0.8548178077 0.1339515448 0.6853125691 525.000000
frame-000125.color.png 0.9157508672 0.1629931644 -0.3134685842 -0.1912355204 0.8554673791 0.1484162658 0.6746733785 525.000000
frame-000126.color.png 0.9184884569 0.1673620780 -0.3055760557 -0.1870619243 0.8494232297 0.1768187881 0.6436765194 525.000000
frame-000127.color.png 0.9215660503 0.1672579397 -0.3016163128 -0.1782369110 0.8542922735 0.1992911696 0.6398200393 525.000000
frame-000128.color.png 0.9253794048 0.1676040778 -0.2931043451 -0.1722546753 0.8666003942 0.2203932852 0.6236726642 525.000000
frame-000129.color.png 0.9283386832 0.1685674020 -0.2858936229 -0.1674429955 0.8801373243 0.2268764973 0.6151742339 525.000000
frame-000130.color.png 0.9317310767 0.1676167335 -0.2772210958 -0.1641045260 0.8750662804 0.2443791777 0.5969480872 525.000000
frame-000131.color.png 0.9343468252 0.1705186261 -0.2677114257 -0.1620185203 0.8747098446 0.2609555125 0.5787785649 525.000000
frame-000132.color.png 0.9370598672 0.1705238910 -0.2597902220 -0.1592151012 0.8687084317 0.2709226906 0.5646237135 525.000000
frame-000133.color.png 0.9385585266 0.1716162271 -0.2547352458 -0.1573712720 0.8652897477 0.2837314308 0.5556529164 525.000000
frame-000134.color.png 0.9402310163 0.1749818502 -0.2469026453 -0.1561604043 0.8560630679 0.2957075536 0.5432188511 525.000000
frame-000135.color.png 0.9424527246 0.1764975949 -0.2369091017 -0.1565424493 0.8496995568 0.3041441441 0.5268499255 525.000000
frame-000136.color.png 0.9444648812 0.1788875482 -0.2276681193 -0.1554109413 0.8314891458 0.3193605244 0.5062801242 525.000000
frame-000137.color.png 0.9457221851 0.1795731448 -0.2215895655 -0.1557597467 0.8140103221 0.3283971548 0.5014026165 525.000000
frame-000138.color.png 0.9477533436 0.1829187596 -0.2114637805 -0.1535818888 0.7980282903 0.3467271626 0.4824670851 525.000000
frame-000139.color.png 0.9501429244 0.1828743275 -0.2016877502 -0.1520113644 0.7844089270 0.3581240475 0.4721274376 525.000000
frame-000140.color.png 0.9511696586 0.1839026130 -0.1977308131 -0.1495280412 0.7837573290 0.3665475547 0.4632525444 525.000000
frame-000141.color.png 0.9530936093 0.1856596038 -0.1897471318 -0.1453929485 0.7638416886 0.3867334127 0.4552530646 525.000000
frame-000142.color.png 0.9536700001 0.1889823046 -0.1838044219 -0.1449660438 0.7589477897 0.4033121765 0.4476583898 525.000000
frame-000143.color.png 0.9544822849 0.1905002692 -0.1787060193 -0.1440047703 0.7581374049 0.4024211466 0.4412642121 525.000000
frame-000144.color.png 0.9556582138 0.1926800700 -0.1718446011 -0.1416375730 0.7463423014 0.4160936177 0.4267213345 525.000000
frame-000145.color.png 0.9559064526 0.1938675531 -0.1706977835 -0.1397157559 0.7462087274 0.4205781817 0.4204428792 525.000000
frame-000146.color.png 0.9573477340 0.1936317014 -0.1665378204 -0.1351193353 0.7337452769 0.4365923405 0.4140426219 525.000000
frame-000147.color.png 0.9579896591 0.1937569856 -0.1619265558 -0.1359920372 0.7363953590 0.4472623765 0.3979024887 525.000000
frame-000148.color.png 0.9588066314 0.1936971475 -0.1581117644 -0.1348032958 0.7336533070 0.4487733245 0.3919061422 525.000000
frame-000149.color.png 0.9597224685 0.1951093799 -0.1542660710 -0.1306410836 0.7268433571 0.4734604955 0.3765326440 525.000000
frame-000150.color.png 0.9605040530 0.1925872938 -0.1536612037 -0.1293457878 0.7259821296 0.4750753343 0.3776599467 525.000000
frame-000151.color.png 0.9608624981 0.1948413802 -0.1477838430 -0.1301538786 0.7293306589 0.4805757999 0.3605886698 525.000000
frame-000152.color.png 0.9614665728 0.1928172446 -0.1462014133 -0.1304940089 0.7281480432 0.4866039157 0.3522594273 525.000000
frame-000153.color.png 0.9619287504 0.1927619564 -0.1440940449 -0.1295098978 0.7237044573 0.4967994690 0.3422304094 525.000000
frame-000154.color.png 0.9622857070 0.1931834316 -0.1429236221 -0.1275116392 0.7150740623 0.5059023499 0.3427734077 525.000000
frame-000155.color.png 0.9621690837 0.1935552139 -0.1454200670 -0.1249801493 0.7194299698 0.5248252153 0.3344671428 525.000000
frame-000156.color.png 0.9626358471 0.1926680456 -0.1440327317 -0.1243616595 0.7200933695 0.5295565724 0.3287832141 525.000000
frame-000157.color.png 0.9630941562 0.1917921994 -0.1434109286 -0.1228767840 0.7073959112 0.5479755402 0.3130281270 525.000000
frame-000158.color.png 0.9634113056 0.1896142510 -0.1448016216 -0.1221375558 0.7090314031 0.5530794859 0.3111970425 525.000000
frame-000159.color.png 0.9640986543 0.1883466514 -0.1435331742 -0.1201563634 0.7017607689 0.5682089329 0.2952289283 525.000000
frame-000160.color.png 0.9642377770 0.1869898698 -0.1449851231 -0.1194136179 0.6998881102 0.5768844485 0.2940062582 525.000000
frame-000161.color.png 0.9643040598 0.1852814068 -0.1469520782 -0.1191367587 0.7105085850 0.5821682215 0.2802287638 525.000000
frame-000162.color.png 0.9646240543 0.1858121508 -0.1449730427 -0.1181401516 0.7009208202 0.5914965272 0.2748187184 525.000000
frame-000163.color.png 0.9650673776 0.1851020038 -0.1465990873 -0.1135381544 0.6992235184 0.6092376709 0.2622111142 525.000000
frame-000164.color.png 0.9650055488 0.1862435925 -0.1462893467 -0.1125923714 0.6973986030 0.6157268882 0.2551183403 525.000000
frame-000165.color.png 0.9654317805 0.1844266911 -0.1466772683 -0.1114183636 0.6978823543 0.6327294111 0.2406729162 525.000000
frame-000166.color.png 0.9650588716 0.1842571953 -0.1487333155 -0.1122009857 0.7064021826 0.6344063878 0.2336688340 525.000000
frame-000167.color.png 0.9655521440 0.1822831446 -0.1472268343 -0.1131643570 0.7035005093 0.6368009448 0.2158160657 525.000000
frame-000168.color.png 0.9651090313 0.1845310245 -0.1478287541 -0.1125145244 0.7018660903 0.6500286460 0.2118460536 525.000000
frame-000169.color.png 0.9652929887 0.1827358602 -0.1490194145 -0.1122954379 0.7096639872 0.6572808623 0.1982613653 525.000000
frame-000170.color.png 0.9653070176 0.1836344445 -0.1482622848 -0.1117096571 0.7038785815 0.6689499021 0.1932103783 525.000000
frame-000171.color.png 0.9647510309 0.1833370996 -0.1504167365 -0.1140954062 0.7127990723 0.6743767858 0.1855026335 525.000000
frame-000172.color.png 0.9647571041 0.1832457941 -0.1499971425 -0.1147413011 0.7058586478 0.6781757474 0.1797672212 525.000000
frame-000173.color.png 0.9643087458 0.1829722521 -0.1529159803 -0.1150934430 0.7183497548 0.6757728457 0.1766374856 525.000000
frame-000174.color.png 0.9639104937 0.1857489819 -0.1507360210 -0.1168440323 0.7124472857 0.6808427572 0.1673726588 525.000000
frame-000175.color.png 0.9635950664 0.1856527850 -0.1515495460 -0.1185340733 0.7103415728 0.6876317263 0.1608683914 525.000000
frame-000176.color.png 0.9632039731 0.1856352170 -0.1572421550 -0.1142478755 0.7162193656 0.6920129657 0.1669815630 525.000000
frame-000177.color.png 0.9625094052 0.1877576113 -0.1595148534 -0.1134801125 0.7218548059 0.7009016871 0.1656437367 525.000000
frame-000178.color.png 0.9624708335 0.1856835011 -0.1607078252 -0.1155185140 0.7128074765 0.7029121518 0.1542010903 525.000000
frame-000179.color.png 0.9619638208 0.1851448271 -0.1634024875 -0.1168187807 0.7226229310 0.7092968822 0.1534097493 525.000000
frame-000180.color.png 0.9622058297 0.1838507449 -0.1640713463 -0.1159285906 0.7312756777 0.7101053596 0.1489901394 525.000000
frame-000181.color.png 0.9619778184 0.1835885001 -0.1645570168 -0.1175369212 0.7358960509 0.7123973966 0.1450812817 525.000000
frame-000182.color.png 0.9618788823 0.1830387382 -0.1645473139 -0.1192057780 0.7431662083 0.7101353407 0.1442326158 525.000000
frame-000183.color.png 0.9625311412 0.1836119657 -0.1626724787 -0.1155773033 0.7352635860 0.7166222334 0.1321835220 525.000000
frame-000184.color.png 0.9627525535 0.1835734049 -0.1625427181 -0.1139657430 0.7333190441 0.7239739299 0.1318032891 525.000000
frame-000185.color.png 0.9625966125 0.1840194711 -0.1631840030 -0.1136467205 0.7422172427 0.7267114520 0.1293065995 525.000000
frame-000186.color.png 0.9626838765 0.1834374771 -0.1622669401 -0.1151515790 0.7412236333 0.7298555970 0.1244218424 525.000000
frame-000187.color.png 0.9628658333 0.1825921296 -0.1604046754 -0.1175578211 0.7306556702 0.7362465262 0.1142082214 525.000000
frame-000188.color.png 0.9632278562 0.1807616975 -0.1605453424 -0.1172284040 0.7304834127 0.7357217073 0.1081631258 525.000000
frame-000189.color.png 0.9631861228 0.1809039257 -0.1601392947 -0.1179053384 0.7246933579 0.7500084639 0.1028761864 525.000000
frame-000190.color.png 0.9636915728 0.1795942917 -0.1590084523 -0.1173062447 0.7173069119 0.7548539639 0.0979115292 525.000000
frame-000191.color.png 0.9644015598 0.1773591818 -0.1585838962 -0.1154317978 0.7092000246 0.7629721761 0.0880651027 525.000000
frame-000192.color.png 0.9644567367 0.1778384043 -0.1578038638 -0.1153024088 0.7041654587 0.7749530077 0.0831726342 525.000000
frame-000193.color.png 0.9648053785 0.1759698016 -0.1580411852 -0.1149269088 0.7092823386 0.7744800448 0.0810730532 525.000000
frame-000194.color.png 0.9660701593 0.1744265843 -0.1524308134 -0.1142307365 0.6953967214 0.7854329348 0.0642264411 525.000000
frame-000195.color.png 0.9668053333 0.1737935272 -0.1499591529 -0.1122297190 0.6869239211 0.7928512692 0.0604271591 525.000000
frame-000196.color.png 0.9677483424 0.1733496239 -0.1460592104 -0.1099079645 0.6774166822 0.8045167327 0.0515698493 525.000000
frame-000197.color.png 0.9683291642 0.1730228758 -0.1433330796 -0.1088914251 0.6683267355 0.8110530376 0.0425741635 525.000000
frame-000198.color.png 0.9693853548 0.1715569244 -0.1392122497 -0.1071457194 0.6480589509 0.8254132867 0.0317769162 525.000000
frame-000199.color.png 0.9698875286 0.1704457296 -0.1382115747 -0.1056598117 0.6447966695 0.8289812803 0.0300088618 525.000000
frame-000200.color.png 0.9703921530 0.1694608010 -0.1346426453 -0.1072075763 0.6299923062 0.8407876492 0.0140435956 525.000000
frame-000201.color.png 0.9707253827 0.1685214450 -0.1351637382 -0.1049929422 0.6302142739 0.8442490697 0.0209237710 525.000000
frame-000202.color.png 0.9712326594 0.1702466482 -0.1320131373 -0.1014678847 0.6082364917 0.8578882813 0.0110994158 525.000000
frame-000203.color.png 0.9713427561 0.1696648117 -0.1323718406 -0.1009197587 0.6063629389 0.8663163781 0.0125739137 525.000000
frame-000204.color.png 0.9716858431 0.1682077913 -0.1324702200 -0.0999219801 0.6090055108 0.8644417524 0.0122366715 525.000000
frame-000205.color.png 0.9725288505 0.1683042340 -0.1276830621 -0.0977668426 0.5949515700 0.8734317422 0.0027275900 525.000000
frame-000206.color.png 0.9727178216 0.1678533716 -0.1252721271 -0.0997606104 0.5822929144 0.8849993348 -0.0076726764 525.000000
frame-000207.color.png 0.9736308394 0.1658179568 -0.1241697575 -0.0955471879 0.5804680586 0.8926479220 -0.0092564477 525.000000
frame-000208.color.png 0.9739383491 0.1654706407 -0.1231763496 -0.0942928738 0.5729474425 0.9009988904 -0.0095535843 525.000000
frame-000209.color.png 0.9743590980 0.1645641300 -0.1196008901 -0.0961177524 0.5715060234 0.9053089619 -0.0159622412 525.000000
frame-000210.color.png 0.9749091219 0.1633958555 -0.1171738841 -0.0955210939 0.5661516786 0.9059598446 -0.0221949313 525.000000
frame-000211.color.png 0.9756146849 0.1620544175 -0.1153114299 -0.0928311725 0.5497893691 0.9203701019 -0.0330331959 525.000000
frame-000212.color.png 0.9759849671 0.1606344116 -0.1150777608 -0.0916899060 0.5546259880 0.9193453193 -0.0298728719 525.000000
frame-000213.color.png 0.9761363114 0.1617058780 -0.1121725079 -0.0917956380 0.5468900800 0.9216141105 -0.0339027941 525.000000
frame-000214.color.png 0.9763275720 0.1600517610 -0.1116094783 -0.0933339715 0.5413156152 0.9256644845 -0.0380016975 525.000000
frame-000215.color.png 0.9761072818 0.1610496703 -0.1121050232 -0.0933276053 0.5479614139 0.9273819923 -0.0350195207 525.000000
frame-000216.color.png 0.9760635574 0.1619697066 -0.1116451483 -0.0927421534 0.5374442339 0.9365226030 -0.0412688702 525.000000
frame-000217.color.png 0.9760671010 0.1618138534 -0.1122686082 -0.0922228326 0.5322114229 0.9435285330 -0.0413767993 525.000000
frame-000218.color.png 0.9763320293 0.1603093566 -0.1127856323 -0.0914115960 0.5332095623 0.9501951337 -0.0406012274 525.000000
frame-000219.color.png 0.9764480126 0.1599570862 -0.1118804349 -0.0919009119 0.5241815448 0.9544056058 -0.0467385054 525.000000
frame-000220.color.png 0.9766921494 0.1577151749 -0.1121896031 -0.0928001181 0.5353668928 0.9587225914 -0.0466141738 525.000000
frame-000221.color.png 0.9771276392 0.1572082160 -0.1101004070 -0.0915699398 0.5257541537 0.9624577761 -0.0526322387 525.000000
frame-000222.color.png 0.9776948824 0.1552265852 -0.1104274349 -0.0884488880 0.5208780169 0.9743269086 -0.0558581203 525.000000
frame-000223.color.png 0.9779615641 0.1542201600 -0.1095925858 -0.0882994140 0.5243349075 0.9748362899 -0.0560058355 525.000000
frame-000224.color.png 0.9783346733 0.1538490267 -0.1075197332 -0.0873570316 0.5147677064 0.9861290455 -0.0649487898 525.000000
frame-000225.color.png 0.9784800304 0.1523614985 -0.1081768148 -0.0875247430 0.5174968243 0.9848380685 -0.0651256889 525.000000
frame-000226.color.png 0.9787450191 0.1519535557 -0.1050248567 -0.0890959257 0.5186374784 0.9884440899 -0.0725407377 525.000000
frame-000227.color.png 0.9789373624 0.1512531669 -0.1046319016 -0.0886356880 0.5159215927 0.9920489788 -0.0735866949 525.000000
frame-000228.color.png 0.9789475188 0.1504224950 -0.1037378919 -0.0909575621 0.5185756087 0.9966360331 -0.0843721926 525.000000
frame-000229.color.png 0.9791566137 0.1489938963 -0.1034123790 -0.0914277009 0.5184785724 0.9985215068 -0.0845560282 525.000000
frame-000230.color.png 0.9793653631 0.1477429628 -0.1032503721 -0.0914049408 0.5134730935 1.0020689964 -0.0972525626 525.000000
frame-000231.color.png 0.9794339668 0.1466774979 -0.1039894228 -0.0915478908 0.5199393630 1.0121718645 -0.0961617976 525.000000
frame-000232.color.png 0.9795123500 0.1457107855 -0.1050691258 -0.0910186906 0.5235617757 1.0180361271 -0.0983323529 525.000000
frame-000233.color.png 0.9798266180 0.1435447625 -0.1042879106 -0.0919713623 0.5208525658 1.0221748352 -0.1102028787 525.000000
frame-000234.color.png 0.9799402111 0.1421005774 -0.1059494016 -0.0911006746 0.5274896622 1.0307102203 -0.1099675372 525.000000
frame-000235.color.png 0.9802779347 0.1405836929 -0.1049411924 -0.0909875935 0.5225450993 1.0347586870 -0.1206957623 525.000000
frame-000236.color.png 0.9807251224 0.1391850787 -0.1047827046 -0.0884665638 0.5121852160 1.0447616577 -0.1304568946 525.000000
frame-000237.color.png 0.9807245299 0.1388207719 -0.1060914794 -0.0874802130 0.5172641873 1.0512962341 -0.1344230920 525.000000
frame-000238.color.png 0.9811473171 0.1371721662 -0.1063392953 -0.0850040782 0.5203796029 1.0579383373 -0.1416311860 525.000000
frame-000239.color.png 0.9810942108 0.1371169542 -0.1063406654 -0.0857015356 0.5199175477 1.0690903664 -0.1500643492 525.000000
frame-000240.color.png 0.9808819251 0.1368016174 -0.1064860714 -0.0884120077 0.5311788321 1.0758008957 -0.1566132009 525.000000
frame-000241.color.png 0.9810455732 0.1359807992 -0.1053044852 -0.0892735741 0.5238431096 1.0842787027 -0.1754992455 525.000000
frame-000242.color.png 0.9810061503 0.1344628442 -0.1077735474 -0.0890591887 0.5268288255 1.0918612480 -0.1843309402 525.000000
frame-000243.color.png 0.9808353331 0.1342202304 -0.1107687852 -0.0876199481 0.5367754102 1.1070953608 -0.1848006546 525.000000
frame-000244.color.png 0.9806141746 0.1340868312 -0.1118128273 -0.0889632162 0.5340747833 1.1163320541 -0.1960187107 525.000000
frame-000245.color.png 0.9804660596 0.1332129337 -0.1148382617 -0.0880499516 0.5551159978 1.1344981194 -0.1936104447 525.000000
frame-000246.color.png 0.9804913838 0.1330876206 -0.1138016440 -0.0892945539 0.5491580367 1.1390041113 -0.2054796219 525.000000
frame-000247.color.png 0.9805558235 0.1312105178 -0.1153091713 -0.0894308231 0.5609954596 1.1481816769 -0.2136566788 525.000000
frame-000248.color.png 0.9805490848 0.1328124315 -0.1141978356 -0.0885618694 0.5572287440 1.1558274031 -0.2135917395 525.000000
frame-000249.color.png 0.9804440405 0.1341079665 -0.1140991360 -0.0878972353 0.5601784587 1.1697034836 -0.2243726552 525.000000
frame-000250.color.png 0.9804845777 0.1350441479 -0.1136191213 -0.0866242820 0.5544165373 1.1726200581 -0.2315561622 525.000000
frame-000251.color.png 0.9804425330 0.1353398299 -0.1165935453 -0.0825924636 0.5494168401 1.1903455257 -0.2406818718 525.000000
frame-000252.color.png 0.9801620914 0.1367058714 -0.1170978331 -0.0829570775 0.5516610146 1.1976056099 -0.2460620105 525.000000
frame-000253.color.png 0.9799956698 0.1373590327 -0.1200974360 -0.0794832634 0.5539640784 1.2187410593 -0.2522424161 525.000000
frame-000254.color.png 0.9799968167 0.1378664783 -0.1202492913 -0.0783529286 0.5409206152 1.2218036652 -0.2649334371 525.000000
frame-000255.color.png 0.9797079084 0.1375676929 -0.1236769473 -0.0771463334 0.5553433895 1.2420859337 -0.2663595974 525.000000
frame-000256.color.png 0.9797320728 0.1384253175 -0.1230056148 -0.0763748377 0.5497366786 1.2461158037 -0.2735671103 525.000000
frame-000257.color.png 0.9793095512 0.1384175764 -0.1254329033 -0.0778457725 0.5661955476 1.2685738802 -0.2834616005 525.000000
frame-000258.color.png 0.9792936665 0.1381198785 -0.1252841527 -0.0788079622 0.5736849904 1.2648984194 -0.2884895504 525.000000
frame-000259.color.png 0.9793784790 0.1397034549 -0.1234520497 -0.0778481280 0.5638077855 1.2709946632 -0.2989537716 525.000000
frame-000260.color.png 0.9791811610 0.1416106216 -0.1235664394 -0.0766943332 0.5658139586 1.2925469875 -0.3077509403 525.000000
frame-000261.color.png 0.9792716796 0.1411267284 -0.1236205265 -0.0763425796 0.5631440878 1.2901983261 -0.3058579862 525.000000
frame-000262.color.png 0.9790293766 0.1417715369 -0.1239541677 -0.0777024800 0.5700060129 1.2938795090 -0.3210909069 525.000000
frame-000263.color.png 0.9788506275 0.1433631772 -0.1228268294 -0.0788163590 0.5720998049 1.3024607897 -0.3265993595 525.000000
frame-000264.color.png 0.9787942774 0.1435270786 -0.1224443738 -0.0798067385 0.5811832547 1.3156485558 -0.3363909423 525.000000
frame-000265.color.png 0.9788524380 0.1435898119 -0.1225371767 -0.0788321687 0.5810670257 1.3174426556 -0.3407245278 525.000000
frame-000266.color.png 0.9788238028 0.1439222701 -0.1227301804 -0.0782792820 0.5809725523 1.3334102631 -0.3554619253 525.000000
frame-000267.color.png 0.9787259427 0.1450965114 -0.1222528581 -0.0780818171 0.5803535581 1.3570408821 -0.3602430820 525.000000
frame-000268.color.png 0.9791340977 0.1428334392 -0.1224026017 -0.0768936302 0.5765066743 1.3479696512 -0.3689859211 525.000000
frame-000269.color.png 0.9790716285 0.1431539391 -0.1239948449 -0.0745048621 0.5831772089 1.3836950064 -0.3879298866 525.000000
frame-000270.color.png 0.9793345095 0.1404116235 -0.1240146665 -0.0762158573 0.5838901997 1.3750023842 -0.3867828548 525.000000
frame-000271.color.png 0.9792608160 0.1407076481 -0.1237189525 -0.0770923651 0.5889708996 1.3933236599 -0.3989654779 525.000000
frame-000272.color.png 0.9793147629 0.1398720141 -0.1247121259 -0.0763236556 0.5859733820 1.3917667866 -0.4025764167 525.000000
frame-000273.color.png 0.9788595781 0.1393452476 -0.1281899917 -0.0773573160 0.6015719175 1.4059634209 -0.4204345345 525.000000
frame-000274.color.png 0.9789994485 0.1374208087 -0.1280827602 -0.0791859057 0.6088525653 1.3910360336 -0.4243907034 525.000000
frame-000275.color.png 0.9782362837 0.1402102023 -0.1295348995 -0.0813362292 0.6173030734 1.4118617773 -0.4315102398 525.000000
frame-000276.color.png 0.9780675360 0.1402252439 -0.1305773664 -0.0816720718 0.6229048371 1.4072283506 -0.4311792552 525.000000
frame-000277.color.png 0.9780602047 0.1421387663 -0.1291386578 -0.0807342195 0.6095334888 1.4050981998 -0.4368672371 525.000000
frame-000278.color.png 0.9776394659 0.1433714518 -0.1312127757 -0.0803050999 0.6193000674 1.4043518305 -0.4543589354 525.000000
frame-000279.color.png 0.9773663681 0.1448420143 -0.1315116825 -0.0805012470 0.6227210760 1.4148159027 -0.4550810158 525.000000
frame-000280.color.png 0.9771084328 0.1450948676 -0.1324816299 -0.0815794559 0.6204809546 1.4134619236 -0.4679279029 525.000000
frame-000281.color.png 0.9768468658 0.1462280286 -0.1333376742 -0.0812934754 0.6211365461 1.4224557877 -0.4701656699 525.000000
frame-000282.color.png 0.9769677480 0.1454949838 -0.1333788110 -0.0810883587 0.6207126379 1.4259847403 -0.4895733595 525.000000
frame-000283.color.png 0.9767441708 0.1455765411 -0.1342484482 -0.0821927596 0.6248333454 1.4389588833 -0.5000608563 525.000000
frame-000284.color.png 0.9771215924 0.1434936144 -0.1341962221 -0.0814515210 0.6234623790 1.4369796515 -0.5074896216 525.000000
frame-000285.color.png 0.9770958439 0.1451161052 -0.1335532825 -0.0799283961 0.6184930205 1.4587236643 -0.5153141618 525.000000
frame-000286.color.png 0.9774305216 0.1420433149 -0.1335350580 -0.0813735858 0.6305097342 1.4599447250 -0.5293445587 525.000000
frame-000287.color.png 0.9777972602 0.1427677674 -0.1322564872 -0.0777052387 0.6132690907 1.4723898172 -0.5403476954 525.000000
frame-000288.color.png 0.9781794104 0.1413918796 -0.1320832793 -0.0756794869 0.6079649925 1.4801141024 -0.5496826172 525.000000
frame-000289.color.png 0.9781646302 0.1422781488 -0.1311300181 -0.0758670089 0.6002169847 1.4834635258 -0.5542249680 525.000000
frame-000290.color.png 0.9783263291 0.1409931984 -0.1324490107 -0.0738631935 0.5991219878 1.5061570406 -0.5776211619 525.000000
frame-000291.color.png 0.9786689212 0.1394176244 -0.1325279938 -0.0721539984 0.5922749043 1.4993683100 -0.5769296885 525.000000
frame-000292.color.png 0.9786548442 0.1400482593 -0.1320673120 -0.0719680905 0.5948892236 1.5071419477 -0.5874324441 525.000000
frame-000293.color.png 0.9791605938 0.1383318737 -0.1312301430 -0.0699104695 0.5789169669 1.5269923210 -0.6085097194 525.000000
frame-000294.color.png 0.9791382865 0.1388688866 -0.1318143316 -0.0680340366 0.5806120634 1.5377895832 -0.6087750793 525.000000
frame-000295.color.png 0.9798341019 0.1376814447 -0.1292247330 -0.0653446316 0.5678285360 1.5495889187 -0.6373494864 525.000000
frame-000296.color.png 0.9800425891 0.1372001023 -0.1285723473 -0.0645120685 0.5706006885 1.5521794558 -0.6439297199 525.000000
frame-000297.color.png 0.9804761693 0.1383025872 -0.1241517937 -0.0642277821 0.5614964962 1.5816394091 -0.6676232219 525.000000
frame-000298.color.png 0.9811040684 0.1372024702 -0.1219325871 -0.0611778835 0.5472818017 1.5867239237 -0.6820122004 525.000000
frame-000299.color.png 0.9813812184 0.1368685612 -0.1206966619 -0.0599184188 0.5480554104 1.5918620825 -0.6873943210 525.000000
frame-000300.color.png 0.9821033881 0.1360316988 -0.1173105926 -0.0566262909 0.5481283665 1.6266498566 -0.7174082994 525.000000
frame-000301.color.png 0.9827288570 0.1338945929 -0.1146279665 -0.0563618749 0.5320237279 1.6154037714 -0.7264524698 525.000000
frame-000302.color.png 0.9829322871 0.1347319194 -0.1130172721 -0.0540233760 0.5298128128 1.6402802467 -0.7399044633 525.000000
frame-000303.color.png 0.9836432905 0.1326708635 -0.1094573577 -0.0535108019 0.5242478848 1.6488600969 -0.7434832454 525.000000
frame-000304.color.png 0.9836541451 0.1336587152 -0.1081751597 -0.0534603162 0.5288978219 1.6690489054 -0.7698193789 525.000000
frame-000305.color.png 0.9847433471 0.1299822308 -0.1024418043 -0.0537665023 0.5199565887 1.6686496735 -0.7808377743 525.000000
frame-000306.color.png 0.9847488173 0.1313930919 -0.1013434204 -0.0522985017 0.5093656778 1.6802901030 -0.7896076441 525.000000
frame-000307.color.png 0.9849714973 0.1299437568 -0.1026180338 -0.0491457898 0.5000411868 1.6762288809 -0.7979940772 525.000000
frame-000308.color.png 0.9848354941 0.1326103272 -0.1005295505 -0.0490648555 0.5004540086 1.6882327795 -0.8117123246 525.000000
frame-000309.color.png 0.9848908449 0.1328789939 -0.0988304694 -0.0506530835 0.5062524676 1.6919531822 -0.8267807364 525.000000
frame-000310.color.png 0.9847029626 0.1348736271 -0.0976226403 -0.0513712002 0.5115081072 1.6995114088 -0.8360473514 525.000000
frame-000311.color.png 0.9848426611 0.1352895624 -0.0962718142 -0.0501338706 0.5102407932 1.7114641666 -0.8518450260 525.000000
frame-000312.color.png 0.9849144734 0.1359885097 -0.0957749159 -0.0477259970 0.5118396878 1.7217442989 -0.8727564216 525.000000
frame-000313.color.png 0.9850323265 0.1335824220 -0.0970246972 -0.0495303992 0.5305531621 1.7077510357 -0.8905630708 525.000000
frame-000314.color.png 0.9848166723 0.1337408553 -0.0973161371 -0.0527169340 0.5399981141 1.7200447321 -0.8940015435 525.000000
frame-000315.color.png 0.9849590873 0.1304826057 -0.0998555486 -0.0534673290 0.5512717366 1.7103949785 -0.9118409157 525.000000
frame-000316.color.png 0.9845599447 0.1322765358 -0.1007143130 -0.0547837616 0.5578548312 1.7420899868 -0.9238705039 525.000000
frame-000317.color.png 0.9847412013 0.1277215695 -0.1053898899 -0.0535251180 0.5712761879 1.7409263849 -0.9470659494 525.000000
frame-000318.color.png 0.9845764090 0.1269253728 -0.1078731968 -0.0535034389 0.5812799931 1.7469664812 -0.9528629184 525.000000
frame-000319.color.png 0.9846849917 0.1253001530 -0.1078356604 -0.0553787776 0.5888102055 1.7497764826 -0.9611859322 525.000000
frame-000320.color.png 0.9842280838 0.1268023619 -0.1099319640 -0.0559571565 0.5974935293 1.7700084448 -0.9615570903 525.000000
frame-000321.color.png 0.9840899105 0.1240360505 -0.1124229965 -0.0595245839 0.6324804425 1.7770853043 -1.0058847666 525.000000
frame-000322.color.png 0.9842767892 0.1228889539 -0.1087341141 -0.0653788934 0.6317463517 1.7614744902 -0.9902882576 525.000000
frame-000323.color.png 0.9840391406 0.1224443779 -0.1105688557 -0.0666998667 0.6559623480 1.7657405138 -1.0105283260 525.000000
frame-000324.color.png 0.9841801291 0.1200564635 -0.1115128097 -0.0673855505 0.6581204534 1.7622314692 -1.0191943645 525.000000
frame-000325.color.png 0.9842411295 0.1169973136 -0.1119776056 -0.0710073483 0.6728893518 1.7532832623 -1.0295646191 525.000000
frame-000326.color.png 0.9841378882 0.1163319450 -0.1117659961 -0.0738096039 0.6791945696 1.7489248514 -1.0185326338 525.000000
frame-000327.color.png 0.9838858018 0.1172860757 -0.1127688565 -0.0741342728 0.6725983620 1.7521948814 -1.0421924591 525.000000
frame-000328.color.png 0.9836284277 0.1192553667 -0.1150155627 -0.0708850765 0.6603856683 1.7865635157 -1.0472332239 525.000000
frame-000329.color.png 0.9831373046 0.1189196599 -0.1205302307 -0.0690769019 0.6508061290 1.7668876648 -1.0053443909 525.000000
frame-000330.color.png 0.9828230677 0.1199314515 -0.1217111569 -0.0697255962 0.6594768167 1.7721329927 -1.0028817654 525.000000
frame-000331.color.png 0.9825367252 0.1201121798 -0.1236236304 -0.0700845625 0.6441650391 1.7469890118 -1.0170956850 525.000000
frame-000332.color.png 0.9819804497 0.1221634669 -0.1243319097 -0.0730209555 0.6624976397 1.7632271051 -1.0058211088 525.000000
frame-000333.color.png 0.9814169954 0.1231695762 -0.1269747080 -0.0743462182 0.7023634911 1.7719221115 -1.0463559628 525.000000
frame-000334.color.png 0.9822935879 0.1187992656 -0.1237696916 -0.0752801771 0.6741388440 1.7469024658 -1.0710899830 525.000000
frame-000335.color.png 0.9824756514 0.1192326170 -0.1214840070 -0.0759395379 0.6760922670 1.7505005598 -1.0717704296 525.000000
frame-000336.color.png 0.9832528642 0.1187900123 -0.1169988055 -0.0735800082 0.6676415205 1.7628080845 -1.1006156206 525.000000
frame-000337.color.png 0.9832577665 0.1204827305 -0.1169977958 -0.0707077931 0.6745815277 1.7838536501 -1.0918469429 525.000000
frame-000338.color.png 0.9839665890 0.1197670476 -0.1132330035 -0.0681461141 0.6623288989 1.7960593700 -1.1258432865 525.000000
frame-000339.color.png 0.9839376095 0.1215716587 -0.1124201034 -0.0666995708 0.6707583070 1.8204977512 -1.1369630098 525.000000
frame-000340.color.png 0.9841469868 0.1210515265 -0.1110089248 -0.0669197648 0.6673797965 1.8243660927 -1.1549265385 525.000000
frame-000341.color.png 0.9848092543 0.1199672820 -0.1091543463 -0.0619992943 0.6500060558 1.8369541168 -1.1683813334 525.000000
frame-000342.color.png 0.9847633958 0.1202488609 -0.1097255837 -0.0611683090 0.6451334357 1.8376744986 -1.1652297974 525.000000
frame-000343.color.png 0.9848080202 0.1190883514 -0.1095697902 -0.0629729222 0.6560879946 1.8496510983 -1.1912754774 525.000000
frame-000344.color.png 0.9847952332 0.1185479233 -0.1094355763 -0.0644095741 0.6675168276 1.8567903042 -1.1948727369 525.000000
frame-000345.color.png 0.9847099517 0.1164434676 -0.1086368559 -0.0706063980 0.6929455400 1.8417401314 -1.1772779226 525.000000
frame-000346.color.png 0.9843250697 0.1186295641 -0.1083839333 -0.0726918610 0.6945107579 1.8199578524 -1.1516044140 525.000000
frame-000347.color.png 0.9841005851 0.1196402827 -0.1099123066 -0.0717741313 0.6928690076 1.8432093859 -1.1783803701 525.000000
frame-000348.color.png 0.9850090121 0.1164214443 -0.1109225311 -0.0624458601 0.6436452866 1.8228324652 -1.1716381311 525.000000
frame-000349.color.png 0.9845906213 0.1177016873 -0.1129580528 -0.0629928528 0.6525942087 1.8220344782 -1.1413537264 525.000000
frame-000350.color.png 0.9850476400 0.1127777281 -0.1151963494 -0.0607629167 0.6433998346 1.7726540565 -1.1489119530 525.000000
frame-000351.color.png 0.9848907190 0.1140022233 -0.1194350784 -0.0522400879 0.6175606251 1.7657601833 -1.1051145792 525.000000
frame-000352.color.png 0.9847276314 0.1143395840 -0.1190098251 -0.0554491927 0.6262380481 1.7498704195 -1.0960060358 525.000000
frame-000353.color.png 0.9854472158 0.1114024965 -0.1162677934 -0.0544524455 0.6249115467 1.7382345200 -1.1532636881 525.000000
frame-000354.color.png 0.9858195148 0.1163295591 -0.1120619868 -0.0454909770 0.5833522677 1.7629199028 -1.1103448868 525.000000
frame-000355.color.png 0.9860107514 0.1158825431 -0.1105150175 -0.0462651622 0.5845921040 1.7619097233 -1.0978119373 525.000000
frame-000356.color.png 0.9856443305 0.1198321472 -0.1077540114 -0.0503446456 0.6075639129 1.7927891016 -1.0947855711 525.000000
frame-000357.color.png 0.9861868173 0.1190431496 -0.1027649398 -0.0519967015 0.6053975821 1.7850297689 -1.0980527401 525.000000
frame-000358.color.png 0.9864495243 0.1206559857 -0.0975892542 -0.0532522925 0.6088471413 1.8020570278 -1.0926558971 525.000000
frame-000359.color.png 0.9865578212 0.1202663524 -0.0954856783 -0.0558762478 0.6127812266 1.8094340563 -1.0886402130 525.000000
frame-000360.color.png 0.9865905763 0.1200968840 -0.0938056097 -0.0584489590 0.6260302067 1.8168549538 -1.0921592712 525.000000
frame-000361.color.png 0.9863467288 0.1203713419 -0.0929536436 -0.0631703320 0.6341474056 1.8287509680 -1.0914485455 525.000000
frame-000362.color.png 0.9863110824 0.1190899660 -0.0927827129 -0.0663279493 0.6409355998 1.8275203705 -1.0957180262 525.000000
frame-000363.color.png 0.9865061523 0.1183201197 -0.0931856579 -0.0642058708 0.6159245968 1.8414586782 -1.1326584816 525.000000
frame-000364.color.png 0.9864513783 0.1163350618 -0.0979123158 -0.0615874177 0.6364387870 1.8288742304 -1.1010835171 525.000000
frame-000365.color.png 0.9863670572 0.1173728655 -0.0979754688 -0.0608641631 0.6246570349 1.8296926022 -1.1085096598 525.000000
frame-000366.color.png 0.9861677057 0.1164671202 -0.1023065417 -0.0586688822 0.6256537437 1.8350698948 -1.1227830648 525.000000
frame-000367.color.png 0.9858836619 0.1172020387 -0.1043336397 -0.0584087229 0.6257635355 1.8378168344 -1.1230065823 525.000000
frame-000368.color.png 0.9855265131 0.1181327943 -0.1059448798 -0.0596474417 0.6398986578 1.8517192602 -1.1288686991 525.000000
frame-000369.color.png 0.9855805235 0.1163337374 -0.1073323722 -0.0598101582 0.6297302246 1.8441885710 -1.1503032446 525.000000
frame-000370.color.png 0.9851631981 0.1171692600 -0.1106297624 -0.0590414545 0.6386971474 1.8635606766 -1.1530212164 525.000000
frame-000371.color.png 0.9852031265 0.1172745146 -0.1123051512 -0.0548547233 0.6259983182 1.8699336052 -1.1609909534 525.000000
frame-000372.color.png 0.9851070396 0.1168934903 -0.1125366109 -0.0568818395 0.6354295611 1.8676358461 -1.1778885126 525.000000
frame-000373.color.png 0.9849296495 0.1166821117 -0.1131316526 -0.0591616389 0.6540054083 1.8632150888 -1.1783664227 525.000000
frame-000374.color.png 0.9842899390 0.1211003452 -0.1130916119 -0.0609779438 0.6649408340 1.8917754889 -1.1832060814 525.000000
frame-000375.color.png 0.9842161609 0.1215042353 -0.1126108546 -0.0622419859 0.6660784483 1.8951773643 -1.1996340752 525.000000
frame-000376.color.png 0.9842450967 0.1216091190 -0.1126994936 -0.0614136461 0.6703402400 1.8973258734 -1.2063724995 525.000000
frame-000377.color.png 0.9839995548 0.1243847686 -0.1122296142 -0.0606450252 0.6814329028 1.9208544493 -1.2373555899 525.000000
frame-000378.color.png 0.9838894505 0.1245609332 -0.1116356993 -0.0631157164 0.6944404840 1.9316455126 -1.2479275465 525.000000
frame-000379.color.png 0.9840822624 0.1258487337 -0.1093483075 -0.0615397820 0.6899503469 1.9372948408 -1.2576988935 525.000000
frame-000380.color.png 0.9840533861 0.1269273361 -0.1084064477 -0.0614526391 0.7052153945 1.9624012709 -1.2875063419 525.000000
frame-000381.color.png 0.9844506576 0.1262527706 -0.1049395874 -0.0624885890 0.7020628452 1.9671299458 -1.3119002581 525.000000
frame-000382.color.png 0.9841837262 0.1294775864 -0.1026575399 -0.0638700031 0.7279875875 2.0176353455 -1.3223832846 525.000000
frame-000383.color.png 0.9844030989 0.1291389321 -0.1009840720 -0.0638427151 0.7250860929 2.0298094749 -1.3260501623 525.000000
frame-000384.color.png 0.9843632584 0.1297159127 -0.1001154765 -0.0646502043 0.7262521386 2.0441255569 -1.3177245855 525.000000
frame-000385.color.png 0.9841353982 0.1292932870 -0.1007018964 -0.0679697869 0.7581840158 2.0565383434 -1.3380107880 525.000000
frame-000386.color.png 0.9841978646 0.1294348163 -0.1003092629 -0.0673739069 0.7635478377 2.0682065487 -1.3521516323 525.000000
frame-000387.color.png 0.9838311643 0.1314594672 -0.1006525385 -0.0682913992 0.7776845694 2.0846443176 -1.3359229565 525.000000
frame-000388.color.png 0.9832106883 0.1337263317 -0.1040773741 -0.0676898137 0.7852173448 2.0995609760 -1.3405246735 525.000000
frame-000389.color.png 0.9834530973 0.1324756309 -0.1045642428 -0.0658523479 0.7660516500 2.0945372581 -1.3347963095 525.000000
frame-000390.color.png 0.9830240173 0.1354539755 -0.1052740974 -0.0650643248 0.7698923945 2.1110866070 -1.3081079721 525.000000
frame-000391.color.png 0.9825268989 0.1388526578 -0.1037694181 -0.0677697594 0.7810394168 2.0788958073 -1.2748217583 525.000000
frame-000392.color.png 0.9823000704 0.1404996227 -0.1041634782 -0.0670551827 0.7763945460 2.0352287292 -1.2234029770 525.000000
frame-000393.color.png 0.9821447713 0.1417265757 -0.1055838343 -0.0644769726 0.7529293895 2.0092761517 -1.2042249441 525.000000
frame-000394.color.png 0.9819821832 0.1424405610 -0.1057989841 -0.0650250217 0.7436538935 1.9921854734 -1.1979823112 525.000000
frame-000395.color.png 0.9817653266 0.1424127098 -0.1060746874 -0.0678500127 0.7507767081 1.9895670414 -1.1940711737 525.000000
frame-000396.color.png 0.9816322261 0.1423597618 -0.1063276228 -0.0694716318 0.7556031346 1.9702696800 -1.1877902746 525.000000
frame-000397.color.png 0.9810419603 0.1418054612 -0.1081617300 -0.0758216560 0.7857571244 1.9835019112 -1.1933549643 525.000000
frame-000398.color.png 0.9807140585 0.1429521952 -0.1085370651 -0.0773583272 0.7952469587 1.9656118155 -1.1822177172 525.000000
frame-000399.color.png 0.9807816686 0.1429133290 -0.1094749080 -0.0752219615 0.7916519642 1.9838117361 -1.2340672016 525.000000
frame-000400.color.png 0.9811082059 0.1382472572 -0.1144449129 -0.0722270455 0.7830168009 1.9586064816 -1.2098376751 525.000000
frame-000401.color.png 0.9808410620 0.1388347774 -0.1143284676 -0.0748646590 0.7932184935 1.9619996548 -1.2147502899 525.000000
frame-000402.color.png 0.9808975142 0.1366334063 -0.1152136316 -0.0767932165 0.8062007427 1.9539811611 -1.2393919230 525.000000
frame-000403.color.png 0.9810689552 0.1365824631 -0.1149685190 -0.0750411597 0.7891132832 1.9449579716 -1.2397732735 525.000000
frame-000404.color.png 0.9812855209 0.1377603562 -0.1131466276 -0.0727918363 0.7856401205 1.9473317862 -1.2458052635 525.000000
frame-000405.color.png 0.9815609531 0.1376015852 -0.1117360999 -0.0715467892 0.7734341621 1.9652684927 -1.2759609222 525.000000
frame-000406.color.png 0.9820374833 0.1317886552 -0.1145600689 -0.0714851206 0.7824057937 1.9493023157 -1.2891788483 525.000000
frame-000407.color.png 0.9823276857 0.1299511533 -0.1142363512 -0.0713797705 0.7822257280 1.9499741793 -1.2928799391 525.000000
frame-000408.color.png 0.9823265789 0.1290609138 -0.1144575456 -0.0726446365 0.7844683528 1.9552478790 -1.2951155901 525.000000
frame-000409.color.png 0.9824447078 0.1279765540 -0.1145859848 -0.0727629707 0.7910646796 1.9604392052 -1.3220390081 525.000000
frame-000410.color.png 0.9822757829 0.1275715092 -0.1156279600 -0.0740943396 0.7993916869 1.9587076902 -1.3078601360 525.000000
frame-000411.color.png 0.9822736538 0.1257902056 -0.1162990355 -0.0760909161 0.8105879426 1.9306418896 -1.3275653124 525.000000
frame-000412.color.png 0.9826490473 0.1236803228 -0.1148033111 -0.0769690021 0.8038077950 1.9304335117 -1.3441811800 525.000000
frame-000413.color.png 0.9827247635 0.1239622844 -0.1150820523 -0.0751100031 0.7986058593 1.9321410656 -1.3550785780 525.000000
frame-000414.color.png 0.9828511597 0.1225126593 -0.1158545195 -0.0746456728 0.7996553183 1.9295537472 -1.3755706549 525.000000
frame-000415.color.png 0.9832491511 0.1216356057 -0.1137596968 -0.0740582045 0.7986753583 1.9532219172 -1.3895344734 525.000000
frame-000416.color.png 0.9837417185 0.1205294819 -0.1117672830 -0.0723391303 0.7796657681 1.9320865870 -1.4041904211 525.000000
frame-000417.color.png 0.9839990291 0.1188356511 -0.1113377436 -0.0723042572 0.8029065728 1.9672038555 -1.4208172560 525.000000
frame-000418.color.png 0.9840828401 0.1183155442 -0.1105383453 -0.0732370808 0.8044293523 1.9741080999 -1.4275209904 525.000000
frame-000419.color.png 0.9843761976 0.1172030877 -0.1100083842 -0.0718685833 0.7930351496 1.9771784544 -1.4482924938 525.000000
frame-000420.color.png 0.9841210702 0.1201821775 -0.1110960931 -0.0686995013 0.7865265012 2.0280795097 -1.4222247601 525.000000
frame-000421.color.png 0.9842288699 0.1195389256 -0.1120550323 -0.0666906785 0.7777258754 2.0558667183 -1.4355363846 525.000000
frame-000422.color.png 0.9836576728 0.1189457505 -0.1148978971 -0.0711896372 0.8113892078 2.0404367447 -1.4474636316 525.000000
frame-000423.color.png 0.9837355555 0.1194699390 -0.1141904389 -0.0703692700 0.8032684922 2.0425591469 -1.4393916130 525.000000
frame-000424.color.png 0.9837064669 0.1198327047 -0.1147584322 -0.0692258056 0.7916019559 2.0374968052 -1.4555615187 525.000000
frame-000425.color.png 0.9833229737 0.1204956300 -0.1181262105 -0.0678449035 0.8033863306 2.0523645878 -1.4551883936 525.000000
frame-000426.color.png 0.9833063130 0.1206789287 -0.1181572988 -0.0677063045 0.7977072001 2.0407469273 -1.4480277300 525.000000
frame-000427.color.png 0.9829821094 0.1228226627 -0.1186128640 -0.0677624872 0.8012301922 2.0587947369 -1.4386588335 525.000000
frame-000428.color.png 0.9829244146 0.1236031649 -0.1179058256 -0.0684110304 0.8007639647 2.0615661144 -1.4681653976 525.000000
frame-000429.color.png 0.9830280267 0.1237642009 -0.1171715460 -0.0678907220 0.7964457273 2.0548231602 -1.4584058523 525.000000
frame-000430.color.png 0.9831387857 0.1243379433 -0.1160941225 -0.0670847116 0.7861738205 2.0502383709 -1.4686952829 525.000000
frame-000431.color.png 0.9827986934 0.1270045340 -0.1169052199 -0.0656486576 0.7839725614 2.0605163574 -1.4336296320 525.000000
frame-000432.color.png 0.9827125492 0.1272085032 -0.1161896658 -0.0677790823 0.7900412083 2.0641305447 -1.4259991646 525.000000
frame-000433.color.png 0.9825291822 0.1264122334 -0.1168211261 -0.0707755453 0.8192948103 2.0652151108 -1.4269546270 525.000000
frame-000434.color.png 0.9824199420 0.1289132250 -0.1172216708 -0.0670187877 0.8176040053 2.1044349670 -1.4258837700 525.000000
frame-000435.color.png 0.9828997601 0.1285925906 -0.1144045904 -0.0654491931 0.7958275676 2.1029253006 -1.4348816872 525.000000
frame-000436.color.png 0.9828332642 0.1299619460 -0.1124094712 -0.0671772147 0.8053526282 2.1318051815 -1.4113985300 525.000000
frame-000437.color.png 0.9825239828 0.1300453573 -0.1113707336 -0.0730163537 0.8353169560 2.1625463963 -1.4248625040 525.000000
frame-000438.color.png 0.9831413858 0.1283041884 -0.1090249951 -0.0713063891 0.8222155571 2.1610407829 -1.4477645159 525.000000
frame-000439.color.png 0.9833022734 0.1286528018 -0.1083422691 -0.0694769637 0.8165090680 2.1916661263 -1.4467214346 525.000000
frame-000440.color.png 0.9833046042 0.1276784980 -0.1089804209 -0.0702390521 0.8406750560 2.2007350922 -1.4501856565 525.000000
frame-000441.color.png 0.9834010128 0.1272676745 -0.1083672858 -0.0705827067 0.8378916979 2.2010984421 -1.4471840858 525.000000
frame-000442.color.png 0.9838289239 0.1260567193 -0.1076987765 -0.0677593202 0.8244442940 2.2119538784 -1.4641745090 525.000000
frame-000443.color.png 0.9837867188 0.1270028801 -0.1080311227 -0.0660548017 0.8229144812 2.2303459644 -1.4634224176 525.000000
frame-000444.color.png 0.9839448726 0.1265419364 -0.1065852375 -0.0669269245 0.8272340298 2.2426900864 -1.4745903015 525.000000
frame-000445.color.png 0.9842124809 0.1263080197 -0.1052348093 -0.0655569336 0.8184617758 2.2358438969 -1.4930562973 525.000000
frame-000446.color.png 0.9843483176 0.1259316428 -0.1052865885 -0.0641431624 0.8124460578 2.2586209774 -1.5161937475 525.000000
frame-000447.color.png 0.9851225023 0.1242363687 -0.1009050428 -0.0625871590 0.7898330092 2.2714321613 -1.5397593975 525.000000
frame-000448.color.png 0.9852391538 0.1236406355 -0.1010593503 -0.0616750421 0.8049239516 2.2900137901 -1.5428760052 525.000000
frame-000449.color.png 0.9857883774 0.1210486518 -0.0987588789 -0.0617671659 0.8070926070 2.3181889057 -1.5838336945 525.000000
frame-000450.color.png 0.9859185034 0.1213525877 -0.0970517916 -0.0617997072 0.8053416610 2.3520956039 -1.5823643208 525.000000
frame-000451.color.png 0.9860628188 0.1204025123 -0.0968866946 -0.0616142904 0.8160785437 2.3713893890 -1.5949620008 525.000000
frame-000452.color.png 0.9861131350 0.1192146059 -0.0975044429 -0.0621421458 0.8250446320 2.4291944504 -1.6170996428 525.000000
frame-000453.color.png 0.9862133682 0.1188930229 -0.0970506107 -0.0618774627 0.8258156180 2.4536516666 -1.6323027611 525.000000
frame-000454.color.png 0.9860394811 0.1188835840 -0.0970778016 -0.0645657463 0.8516870141 2.4944529533 -1.6509354115 525.000000
frame-000455.color.png 0.9859843831 0.1184073720 -0.0970197184 -0.0663450428 0.8677814603 2.5011396408 -1.6665236950 525.000000
frame-000456.color.png 0.9863195296 0.1194581162 -0.0930148499 -0.0652056873 0.8529574871 2.5265214443 -1.7031489611 525.000000
frame-000457.color.png 0.9860825074 0.1205563775 -0.0926257213 -0.0672898527 0.8586494923 2.5421020985 -1.7182726860 525.000000
frame-000458.color.png 0.9859906257 0.1218242406 -0.0915307535 -0.0678488147 0.8581919074 2.5401556492 -1.7471774817 525.000000
frame-000459.color.png 0.9858388333 0.1229154332 -0.0929437666 -0.0661441403 0.8764512539 2.5791535378 -1.7709995508 525.000000
frame-000460.color.png 0.9857118073 0.1208879933 -0.0935398791 -0.0707715836 0.8996991515 2.6099386215 -1.7818194628 525.000000
frame-000461.color.png 0.9858618043 0.1205147887 -0.0909400067 -0.0726815225 0.9089406729 2.6222779751 -1.8144007921 525.000000
frame-000462.color.png 0.9857290108 0.1227638459 -0.0894646543 -0.0725495076 0.9001998901 2.6615622044 -1.7992603779 525.000000
frame-000463.color.png 0.9861048621 0.1211744470 -0.0901130943 -0.0692357177 0.9046260118 2.7024731636 -1.8263182640 525.000000
frame-000464.color.png 0.9861349796 0.1225331606 -0.0883013406 -0.0687480889 0.8930091262 2.7205891609 -1.8221473694 525.000000
frame-000465.color.png 0.9862061732 0.1221519267 -0.0882126709 -0.0685187234 0.9055480361 2.7768673897 -1.8400721550 525.000000
frame-000466.color.png 0.9863471387 0.1215569341 -0.0868017391 -0.0693447314 0.9117048383 2.7750787735 -1.8530741930 525.000000
frame-000467.color.png 0.9866709433 0.1210896627 -0.0843271911 -0.0686051611 0.9015119672 2.8047094345 -1.8892512321 525.000000
frame-000468.color.png 0.9866001225 0.1207051729 -0.0851300252 -0.0693061202 0.9086008668 2.8248407841 -1.8974529505 525.000000
frame-000469.color.png 0.9869151581 0.1199951576 -0.0837753196 -0.0676855138 0.9050589800 2.8388924599 -1.9231176376 525.000000
frame-000470.color.png 0.9870011384 0.1203870025 -0.0828154476 -0.0669128094 0.8953229785 2.8527014256 -1.9338659048 525.000000
frame-000471.color.png 0.9871138291 0.1212144081 -0.0832299611 -0.0631357996 0.8811932802 2.8850412369 -1.9394632578 525.000000
frame-000472.color.png 0.9875232067 0.1189448412 -0.0817976890 -0.0629220074 0.8864725232 2.8754816055 -1.9792021513 525.000000
frame-000473.color.png 0.9877360837 0.1203324046 -0.0787939139 -0.0607376365 0.8594854474 2.8972611427 -1.9761360884 525.000000
frame-000474.color.png 0.9878383840 0.1192567753 -0.0794573775 -0.0603297091 0.8740136623 2.9023215771 -1.9910405874 525.000000
frame-000475.color.png 0.9879282169 0.1188310233 -0.0792294594 -0.0599976570 0.8711441755 2.9185483456 -1.9865969419 525.000000
frame-000476.color.png 0.9882110283 0.1179124792 -0.0787518973 -0.0577386314 0.8646703959 2.9148705006 -2.0085966587 525.000000
frame-000477.color.png 0.9883981082 0.1165988463 -0.0789813291 -0.0568844301 0.8552638292 2.9249577522 -1.9918025732 525.000000
frame-000478.color.png 0.9889145821 0.1140278860 -0.0780592303 -0.0543355049 0.8630450368 2.9442808628 -2.0142555237 525.000000
frame-000479.color.png 0.9892772796 0.1113980180 -0.0774597494 -0.0540456546 0.8529553413 2.9433143139 -2.0157153606 525.000000
frame-000480.color.png 0.9898998875 0.1057812347 -0.0772857301 -0.0541798769 0.8610395193 2.9263465405 -2.0562503338 525.000000
frame-000481.color.png 0.9901773197 0.1039424762 -0.0764634666 -0.0538347047 0.8563662171 2.9395701885 -2.0396351814 525.000000
frame-000482.color.png 0.9906214153 0.1008507123 -0.0757125751 -0.0525923124 0.8492293954 2.9162871838 -2.0829401016 525.000000
frame-000483.color.png 0.9906774972 0.1005470721 -0.0757725580 -0.0520278992 0.8482054472 2.9292852879 -2.0595712662 525.000000
frame-000484.color.png 0.9908790138 0.0993561340 -0.0756510485 -0.0506365234 0.8423605561 2.9308581352 -2.0617744923 525.000000
frame-000485.color.png 0.9913554428 0.0958245473 -0.0757801683 -0.0478477621 0.8325592279 2.9521110058 -2.0682477951 525.000000
frame-000486.color.png 0.9914034425 0.0959408060 -0.0762179423 -0.0458846516 0.8223899603 2.9541125298 -2.0754959583 525.000000
frame-000487.color.png 0.9921264637 0.0891384961 -0.0764761547 -0.0434834024 0.8127440810 2.9268372059 -2.1059155464 525.000000
frame-000488.color.png 0.9922384483 0.0876239251 -0.0770822727 -0.0429328870 0.8044777513 2.9125392437 -2.1048498154 525.000000
frame-000489.color.png 0.9925530174 0.0814753606 -0.0782867726 -0.0455132341 0.8344019651 2.8942348957 -2.1327972412 525.000000
frame-000490.color.png 0.9927859561 0.0776197476 -0.0795568584 -0.0449658362 0.8275113106 2.8870489597 -2.1617138386 525.000000
frame-000491.color.png 0.9929856344 0.0743542306 -0.0809990666 -0.0434756200 0.8314170241 2.8956911564 -2.1492214203 525.000000
frame-000492.color.png 0.9931751085 0.0713737143 -0.0814662744 -0.0432694213 0.8318929672 2.8733532429 -2.1645793915 525.000000
frame-000493.color.png 0.9930787717 0.0720930331 -0.0819806325 -0.0433165512 0.8338381648 2.8874735832 -2.1387493610 525.000000
frame-000494.color.png 0.9932333652 0.0694990014 -0.0823983158 -0.0432190773 0.8394775987 2.8767020702 -2.1551854610 525.000000
frame-000495.color.png 0.9932339758 0.0697385855 -0.0828341232 -0.0419679296 0.8351445198 2.8820958138 -2.1392190456 525.000000
frame-000496.color.png 0.9932664358 0.0690766739 -0.0830849284 -0.0417982701 0.8331896663 2.8713228703 -2.1500463486 525.000000
frame-000497.color.png 0.9936754242 0.0633952495 -0.0830128428 -0.0412196753 0.8407496214 2.8529236317 -2.1410834789 525.000000
frame-000498.color.png 0.9937253757 0.0640738024 -0.0826192498 -0.0397301527 0.8297958374 2.8415410519 -2.1506080627 525.000000
frame-000499.color.png 0.9938417669 0.0620350330 -0.0828758668 -0.0395194614 0.8293457031 2.8496894836 -2.1717793941 525.000000
