frame-000000.color.png 0.9393472397627023 0.29990526946472806 0.13950659012762928 -0.09067250855933519 1.0112745761871338 -0.5333104133605957 2.715698003768921 632.6768188476562 4408
frame-000001.color.png 0.9392248110666727 0.3001105341285969 0.1397515219294034 -0.09088417739208995 1.0155744552612305 -0.5358467102050781 2.72721266746521 632.6768188476562 4446
frame-000002.color.png 0.939443296705499 0.2997174637070129 0.13886093168098873 -0.09128732593754178 1.011641502380371 -0.5346144437789917 2.728607416152954 632.6768188476562 4419
frame-000003.color.png 0.9391289513495773 0.30037694833519274 0.13845428263309326 -0.09295651277041166 1.0111485719680786 -0.5381390452384949 2.7343854904174805 632.6768188476562 4433
frame-000004.color.png 0.939153815448937 0.30059818916806447 0.1386888183325799 -0.09163106059681562 1.0121448040008545 -0.546771764755249 2.7331149578094482 632.6768188476562 4447
frame-000005.color.png 0.9390948853877823 0.30081930062030476 0.1383497675766695 -0.0920211194471159 1.0054504871368408 -0.540795087814331 2.720547914505005 632.6768188476562 4440
frame-000006.color.png 0.9391682140029458 0.3007303375333321 0.13796245942151533 -0.09214493846094857 1.0068401098251343 -0.5443033576011658 2.7324655055999756 632.6768188476562 4415
frame-000007.color.png 0.9389211391499074 0.3014781708084755 0.1378223955115255 -0.09242831968006694 1.0080162286758423 -0.5474724769592285 2.7365639209747314 632.6768188476562 4421
frame-000008.color.png 0.9389095144934558 0.30138139398275593 0.13758186248024487 -0.09321700526803472 1.0035481452941895 -0.548322319984436 2.721315622329712 632.6768188476562 4474
frame-000009.color.png 0.9388920776879816 0.3015582908722681 0.1375253918725886 -0.09290333821361241 1.0037175416946411 -0.5484867691993713 2.7250285148620605 632.6768188476562 4469
frame-000010.color.png 0.9388444888370258 0.30200606843686745 0.1370784017826176 -0.09258980598518014 1.0015734434127808 -0.5492727160453796 2.7315127849578857 632.6768188476562 4477
frame-000011.color.png 0.9385560849232601 0.30253482785648717 0.13727151894059328 -0.09349697040605214 1.003519892692566 -0.5498633980751038 2.733142137527466 632.6768188476562 4418
frame-000012.color.png 0.9387997737542764 0.30192619969276285 0.1373679377674426 -0.09287413209029349 1.002320647239685 -0.5534062385559082 2.7247347831726074 632.6768188476562 4499
frame-000013.color.png 0.9387378162983059 0.3022305207509566 0.13722817805288703 -0.09271705197200161 1.0000053644180298 -0.5527864694595337 2.729862928390503 632.6768188476562 4423
frame-000014.color.png 0.9384101936863235 0.30319606441361213 0.13715795725098365 -0.09298467439546602 1.002096176147461 -0.5611355900764465 2.7272326946258545 632.6768188476562 4443
frame-000015.color.png 0.9386200461254626 0.30291360798999717 0.13627973355551812 -0.09307840419750267 0.9974133372306824 -0.5609349012374878 2.7317707538604736 632.6768188476562 4484
frame-000016.color.png 0.9383853009332932 0.30359192231876386 0.13525660007633428 -0.09471337725432907 0.9909521341323853 -0.5609261989593506 2.7342450618743896 632.6768188476562 4457
frame-000017.color.png 0.9387102171546061 0.303612084412281 0.13433220805616491 -0.09272372019681653 0.9867312908172607 -0.56607985496521 2.730400323867798 632.6768188476562 4513
frame-000018.color.png 0.938691635856475 0.3039985608033357 0.13280510943240847 -0.09383864188723921 0.9793835282325745 -0.5638443827629089 2.732423782348633 632.6768188476562 4385
frame-000019.color.png 0.9384409128064282 0.30495794208642757 0.13218834167047558 -0.09410392688861945 0.9760199785232544 -0.5728466510772705 2.742460250854492 632.6768188476562 4370
frame-000020.color.png 0.9381598538982118 0.30580225217700757 0.13158680891029656 -0.09500517258529156 0.9667915105819702 -0.5742231011390686 2.7330939769744873 632.6768188476562 4400
frame-000021.color.png 0.9386902707256825 0.30563336432458466 0.1283692063141244 -0.09471097680238731 0.9529886841773987 -0.5762027502059937 2.7369325160980225 632.6768188476562 4405
frame-000022.color.png 0.938427092729466 0.30682116750874283 0.12753194883040692 -0.09460953877602701 0.9482476115226746 -0.5786367654800415 2.739834785461426 632.6768188476562 4360
frame-000023.color.png 0.9387089691208254 0.3066781301725404 0.12652969210958478 -0.09361748117016137 0.940967321395874 -0.5857409834861755 2.735196113586426 632.6768188476562 4387
frame-000024.color.png 0.9390838362234355 0.30750390053358145 0.12145954592843826 -0.09386414865840188 0.915768563747406 -0.5874422788619995 2.752136707305908 632.6768188476562 4320
frame-000025.color.png 0.9387626928017007 0.3088369314837931 0.12028453401567449 -0.09421245794483298 0.9069719314575195 -0.5900924801826477 2.747370481491089 632.6768188476562 4304
frame-000026.color.png 0.9391661078807172 0.3086826441387987 0.11808729940845171 -0.09347425706622847 0.8979302048683167 -0.5959349870681763 2.752912998199463 632.6768188476562 4229
frame-000027.color.png 0.9392733836281696 0.30935970339444807 0.11306808720692352 -0.09632077854106003 0.8664107918739319 -0.5974817872047424 2.756319522857666 632.6768188476562 4298
frame-000028.color.png 0.9396588243988027 0.30879371497614294 0.11092895078866159 -0.0968633222516112 0.8527401685714722 -0.5960732102394104 2.747764825820923 632.6768188476562 4353
frame-000029.color.png 0.9402186366990251 0.30784913379427914 0.10794760967196088 -0.09780153164469738 0.8335610032081604 -0.5931273698806763 2.754359483718872 632.6768188476562 4378
frame-000030.color.png 0.9406656341877886 0.3078659290888844 0.10189966791322201 -0.0999159248743594 0.7997705340385437 -0.595020592212677 2.7642152309417725 632.6768188476562 4409
frame-000031.color.png 0.9409642056693929 0.3079500866005834 0.09879275837878036 -0.09996548756232623 0.7814489603042603 -0.596407413482666 2.768218994140625 632.6768188476562 4313
frame-000032.color.png 0.9411463446643269 0.30826632928140246 0.09505203418723272 -0.10089865684544605 0.7579957246780396 -0.5982658267021179 2.767411947250366 632.6768188476562 4320
frame-000033.color.png 0.9413735068138593 0.3083488576197903 0.0909192970657174 -0.10232587206871382 0.7330215573310852 -0.5986493825912476 2.767930507659912 632.6768188476562 4343
frame-000034.color.png 0.9418507856418092 0.3081708965291065 0.08269652427937864 -0.10539962519128597 0.6794524192810059 -0.6009189486503601 2.761815309524536 632.6768188476562 4407
frame-000035.color.png 0.9418790417819288 0.3085267609849468 0.07852246195628194 -0.107281551892287 0.6531940698623657 -0.5986267924308777 2.758737564086914 632.6768188476562 4422
frame-000036.color.png 0.9422216460161135 0.30813828902824697 0.07517580107362674 -0.10778572979002812 0.6312898397445679 -0.5958762764930725 2.753917932510376 632.6768188476562 4386
frame-000037.color.png 0.9427526500717542 0.3073454204381735 0.07149884807662607 -0.10790805364792011 0.6112874150276184 -0.5968188643455505 2.765119791030884 632.6768188476562 4323
frame-000038.color.png 0.9427561231104866 0.3080322921944737 0.06417425661962622 -0.11049282370553203 0.5615547895431519 -0.5881209373474121 2.7558040618896484 632.6768188476562 4449
frame-000039.color.png 0.9430500529331405 0.30725213218105335 0.06128194480352304 -0.11179109165803539 0.54425048828125 -0.5873644948005676 2.7523677349090576 632.6768188476562 4404
frame-000040.color.png 0.9435039344669743 0.3061755902389982 0.05833444361812317 -0.11248967185881785 0.5200306177139282 -0.5795421004295349 2.736990213394165 632.6768188476562 4468
frame-000041.color.png 0.9441445989416529 0.30410616475448077 0.054249078383301425 -0.11474952872316425 0.4946973919868469 -0.5740039944648743 2.737434148788452 632.6768188476562 4406
frame-000042.color.png 0.9450673236482451 0.3014804318339319 0.04723670960547601 -0.1171579969921696 0.449727326631546 -0.5579069256782532 2.7411694526672363 632.6768188476562 4464
frame-000043.color.png 0.9456496504052145 0.3000889677233965 0.04307943342906798 -0.11763295692378213 0.4216579794883728 -0.5508238077163696 2.7393853664398193 632.6768188476562 4493
frame-000044.color.png 0.9460785944996633 0.29908382770336467 0.038326603685935184 -0.1183859302693826 0.4001224637031555 -0.5428248643875122 2.741731643676758 632.6768188476562 4442
frame-000045.color.png 0.9463925671154877 0.2986377265573582 0.031523172805228906 -0.11900801133327703 0.3505619764328003 -0.5401961803436279 2.7327029705047607 632.6768188476562 4452
frame-000046.color.png 0.9465493506385906 0.29832848584099847 0.026664847941528732 -0.11972229210023816 0.32373395562171936 -0.5292385220527649 2.739035129547119 632.6768188476562 4411
frame-000047.color.png 0.9463211945995066 0.2990198007334534 0.023551560023814814 -0.12045197981574779 0.2975463271141052 -0.5269739031791687 2.734302282333374 632.6768188476562 4388
frame-000048.color.png 0.9461943417013113 0.29919666068433753 0.020273366729980435 -0.12160023260337671 0.2780854105949402 -0.5276923775672913 2.730863571166992 632.6768188476562 4466
frame-000049.color.png 0.9460559486332024 0.2987690423027882 0.01166517679871555 -0.12481636538315387 0.22801178693771362 -0.5182552933692932 2.721745491027832 632.6768188476562 4451
frame-000050.color.png 0.9458782923175625 0.2989497580507294 0.008793374752395333 -0.12596021135376895 0.20826683938503265 -0.5216218829154968 2.725414991378784 632.6768188476562 4435
frame-000051.color.png 0.9456700828854695 0.29895850029470794 0.005532221244794268 -0.1276765599670786 0.1887153834104538 -0.5184561610221863 2.7160208225250244 632.6768188476562 4450
frame-000052.color.png 0.945439570716844 0.2986893733387353 -0.002588243362568665 -0.13008450089676066 0.1408182978630066 -0.5120707154273987 2.7052197456359863 632.6768188476562 4411
frame-000053.color.png 0.9452406205605621 0.29860383365506993 -0.006121393463650134 -0.13159957564841113 0.1212678924202919 -0.506493091583252 2.698441743850708 632.6768188476562 4399
frame-000054.color.png 0.9450513116965664 0.2982413832899233 -0.00990788183488655 -0.1335362476313392 0.09307513386011124 -0.5036758184432983 2.6941745281219482 632.6768188476562 4352
frame-000055.color.png 0.9446808034695109 0.29827128369697803 -0.01887151065354183 -0.1351158279536841 0.03912026062607765 -0.4961273670196533 2.686037302017212 632.6768188476562 4404
frame-000056.color.png 0.9442317821752886 0.29860180377919593 -0.023842678076485976 -0.13672904231373112 0.010293371044099331 -0.4914577901363373 2.6807010173797607 632.6768188476562 4396
frame-000057.color.png 0.9438759376325201 0.2984621632354264 -0.028601265389208142 -0.13856593770944162 -0.018592922016978264 -0.48437342047691345 2.674978494644165 632.6768188476562 4319
frame-000058.color.png 0.9432158711288059 0.2981785750056851 -0.03725210011442415 -0.1415826221517732 -0.07149122655391693 -0.47616204619407654 2.6524884700775146 632.6768188476562 4352
frame-000059.color.png 0.9431995806870709 0.297187584188079 -0.041737397168620426 -0.14252045633443555 -0.09811936318874359 -0.4698587656021118 2.642793655395508 632.6768188476562 4305
frame-000060.color.png 0.9421169233131756 0.298370613488613 -0.04996641622026465 -0.14454769822950453 -0.1514207422733307 -0.4624480605125427 2.629160165786743 632.6768188476562 4289
frame-000061.color.png 0.9411531155893107 0.29987934330052707 -0.05703803006153826 -0.14508568366616073 -0.19636550545692444 -0.45977744460105896 2.618431329727173 632.6768188476562 4219
frame-000062.color.png 0.9405459751842223 0.3005158896301685 -0.06076449870215284 -0.14618872850539713 -0.22176258265972137 -0.45335808396339417 2.6032400131225586 632.6768188476562 4294
frame-000063.color.png 0.939643002088447 0.3002034583507056 -0.06813570651664666 -0.1493533987492896 -0.2696385979652405 -0.4415329396724701 2.5863261222839355 632.6768188476562 4208
frame-000064.color.png 0.9391086458454384 0.29806521095419775 -0.07494896062012472 -0.1536708645747124 -0.31125956773757935 -0.43276870250701904 2.5682411193847656 632.6768188476562 4209
frame-000065.color.png 0.9381814070429901 0.29944392673550874 -0.07808550332312196 -0.15508590003875078 -0.3246302902698517 -0.4228316843509674 2.5579802989959717 632.6768188476562 4180
frame-000066.color.png 0.9379969542771045 0.2971795352414738 -0.08422471687252578 -0.15732842930722976 -0.3603225648403168 -0.4142633080482483 2.52886700630188 632.6768188476562 4223
frame-000067.color.png 0.9375611080148641 0.29778309885156656 -0.08640602596334183 -0.1576020096747522 -0.38129952549934387 -0.3990783095359802 2.5369350910186768 632.6768188476562 4181
frame-000068.color.png 0.9372059241395396 0.2967848396553041 -0.09021562964923757 -0.15945204569248583 -0.4128367602825165 -0.3885163366794586 2.523257255554199 632.6768188476562 4147
frame-000069.color.png 0.9365653616852667 0.2961482864354967 -0.09329407421235336 -0.16259683714489806 -0.4398868978023529 -0.37995263934135437 2.501647472381592 632.6768188476562 4131
frame-000070.color.png 0.9362204329715309 0.295552750057602 -0.0960081956410006 -0.1640801608658008 -0.44956663250923157 -0.3708774447441101 2.4901933670043945 632.6768188476562 4056
frame-000071.color.png 0.935617142688436 0.2947247703823634 -0.09952795834446697 -0.16688935717526127 -0.4778393507003784 -0.35673418641090393 2.4785046577453613 632.6768188476562 4066
frame-000072.color.png 0.9349900789560123 0.29392063746938046 -0.10470280837502975 -0.16864617707438484 -0.4905274212360382 -0.34062162041664124 2.4346182346343994 632.6768188476562 4230
frame-000073.color.png 0.9345417817809142 0.29409766418658473 -0.10613811377999098 -0.16992034259903882 -0.5060455203056335 -0.3321772813796997 2.4281649589538574 632.6768188476562 4263
frame-000074.color.png 0.9339946927467118 0.29432605723094396 -0.10833468763098718 -0.17114228411400517 -0.5280711650848389 -0.3254067003726959 2.4140710830688477 632.6768188476562 4198
frame-000075.color.png 0.9340476382495011 0.29361499127857654 -0.10891079380921456 -0.17170814007745028 -0.5513139963150024 -0.3230116665363312 2.3950440883636475 632.6768188476562 4118
frame-000076.color.png 0.9334662003236351 0.29381909494261615 -0.11007253692342736 -0.17376774417508498 -0.5632430911064148 -0.30835044384002686 2.376793622970581 632.6768188476562 4117
frame-000077.color.png 0.9334641813838616 0.29349265879858355 -0.11075364740943708 -0.17389741484622925 -0.5665192604064941 -0.3031623959541321 2.3589494228363037 632.6768188476562 4098
frame-000078.color.png 0.933488529696289 0.2928934282545317 -0.11117580537861171 -0.17450657554712712 -0.5826414823532104 -0.2854616343975067 2.3386332988739014 632.6768188476562 4152
frame-000079.color.png 0.9334283356800583 0.29279254136739297 -0.11193782296361617 -0.17451072648793206 -0.5887799263000488 -0.27599087357521057 2.3316409587860107 632.6768188476562 4094
frame-000080.color.png 0.9340596798387395 0.29003561661164245 -0.11373707473286747 -0.17457300314615057 -0.6055310964584351 -0.2589092254638672 2.2975151538848877 632.6768188476562 4070
frame-000081.color.png 0.9345610574298738 0.28898701643458863 -0.11542333921314323 -0.17250967228732017 -0.628425121307373 -0.23504889011383057 2.2829511165618896 632.6768188476562 4139
frame-000082.color.png 0.9348807942302373 0.2873823843394602 -0.11562607599895605 -0.17332015549234678 -0.6404333114624023 -0.23175287246704102 2.276182174682617 632.6768188476562 3980
frame-000083.color.png 0.9351194701177633 0.28401700560461995 -0.11830910400221907 -0.17575230594291244 -0.6581434607505798 -0.19931377470493317 2.2502825260162354 632.6768188476562 3974
frame-000084.color.png 0.934055021513674 0.28342160532373867 -0.1202309210948532 -0.18099153580620317 -0.6840838193893433 -0.16595104336738586 2.2312238216400146 632.6768188476562 4073
frame-000085.color.png 0.9345998092585303 0.27923656142644393 -0.1239673388706257 -0.18215992476390108 -0.7119737863540649 -0.14598412811756134 2.2076244354248047 632.6768188476562 3921
frame-000086.color.png 0.9340827157898633 0.2782425503045894 -0.127609057508284 -0.18381102171654104 -0.7167952656745911 -0.12114954739809036 2.175124168395996 632.6768188476562 4092
frame-000087.color.png 0.9345455231404577 0.27466000951029956 -0.12866023156356823 -0.18609967535688873 -0.7439868450164795 -0.09865938127040863 2.174551010131836 632.6768188476562 3994
frame-000088.color.png 0.9350064557274038 0.27240984770722904 -0.13193079434766528 -0.18479737044394476 -0.7669320106506348 -0.0767972320318222 2.145057439804077 632.6768188476562 4106
frame-000089.color.png 0.9345858519565425 0.27157677047026324 -0.13451518242771832 -0.1862820677361166 -0.7826703786849976 -0.0592879056930542 2.129526138305664 632.6768188476562 4187
frame-000090.color.png 0.9341306779022955 0.26992973784244917 -0.13883763185234618 -0.1877815891181476 -0.8094432353973389 -0.04141790419816971 2.119520425796509 632.6768188476562 4225
frame-000091.color.png 0.9337754598206515 0.27011573206926026 -0.14144578977847666 -0.1873338476606978 -0.8251067996025085 -0.03409123793244362 2.0900051593780518 632.6768188476562 4200
frame-000092.color.png 0.9328993285362307 0.27135122712967635 -0.14260917885373625 -0.1890237457530975 -0.8415756821632385 -0.022051429376006126 2.0770487785339355 632.6768188476562 4235
frame-000093.color.png 0.93258406759743 0.26884807863731375 -0.14617050878517784 -0.19142060975229197 -0.8563160300254822 0.0013505866518244147 2.056084632873535 632.6768188476562 4373
frame-000094.color.png 0.9323281532779271 0.26592747355243596 -0.15104811821581854 -0.19295403441972536 -0.8702288866043091 0.022290313616394997 2.0384674072265625 632.6768188476562 4348
frame-000095.color.png 0.9329386829767113 0.263474224936286 -0.15164039888134434 -0.19290395544677008 -0.8870975971221924 0.034368131309747696 2.0468151569366455 632.6768188476562 4359
frame-000096.color.png 0.9329871335352916 0.26191377454602294 -0.1527830131910974 -0.1938905212765801 -0.8899210691452026 0.04247930645942688 2.028653621673584 632.6768188476562 4379
frame-000097.color.png 0.9332189529752498 0.2619691514403002 -0.15068375602561235 -0.19434236586869344 -0.8908241987228394 0.041332997381687164 2.030186653137207 632.6768188476562 4418
frame-000098.color.png 0.9329228918435346 0.26270159007213556 -0.15131687058471552 -0.19428318796107089 -0.8925334811210632 0.0444069467484951 2.000394582748413 632.6768188476562 4468
frame-000099.color.png 0.9323752694618236 0.26134812894824216 -0.15237571066652006 -0.19787661607708465 -0.9042974710464478 0.0499175526201725 1.9993619918823242 632.6768188476562 4418
frame-000100.color.png 0.932111853012743 0.26239062670487984 -0.15425503448142963 -0.1962754106547832 -0.9109710454940796 0.05023697763681412 1.9629877805709839 632.6768188476562 4472
frame-000101.color.png 0.9320358252909193 0.26113456108055805 -0.1565508936850955 -0.19649371254555992 -0.9298707246780396 0.056704647839069366 1.9413487911224365 632.6768188476562 4528
frame-000102.color.png 0.931871280263088 0.2611193377601352 -0.157605989734087 -0.19645091109099166 -0.9369001984596252 0.05574652552604675 1.930496096611023 632.6768188476562 4471
frame-000103.color.png 0.931537823638959 0.2638938810334008 -0.15768458804985877 -0.19424951319029654 -0.9524125456809998 0.04452812671661377 1.9037176370620728 632.6768188476562 4529
frame-000104.color.png 0.9321125023365456 0.2625407130125781 -0.15821098147284654 -0.19289360367868316 -0.9539240598678589 0.03555796667933464 1.8470125198364258 632.6768188476562 4508
frame-000105.color.png 0.9333005324630145 0.2620151528869937 -0.15641357086951876 -0.18929598677654283 -0.9634760618209839 0.037135638296604156 1.8333559036254883 632.6768188476562 4491
frame-000106.color.png 0.9334118028265768 0.2612357176994323 -0.1568956502609725 -0.18942560827746857 -0.9590789079666138 0.035187236964702606 1.809088945388794 632.6768188476562 4529
frame-000107.color.png 0.933670437041839 0.25973662691023136 -0.15517237780626908 -0.19161923912108894 -0.9659456014633179 0.030098892748355865 1.7892886400222778 632.6768188476562 4451
frame-000108.color.png 0.9336916598509392 0.25872632859159406 -0.15348917298628545 -0.19422060908744695 -0.9608433842658997 0.03810463845729828 1.7481690645217896 632.6768188476562 4429
frame-000109.color.png 0.934062087184766 0.2571493584308923 -0.1548413473279137 -0.19345899281319384 -0.9578900933265686 0.03343716636300087 1.7054961919784546 632.6768188476562 4435
frame-000110.color.png 0.9355728141783358 0.2541921700154942 -0.15346295564275422 -0.1911516971377269 -0.9641082882881165 0.03238477557897568 1.6791725158691406 632.6768188476562 4478
frame-000111.color.png 0.9375238313179289 0.24949358956106105 -0.1523461549614413 -0.18866018007876728 -0.9677524566650391 0.031632814556360245 1.6561888456344604 632.6768188476562 4391
frame-000112.color.png 0.9387182181278038 0.24749684823197568 -0.14766931996347948 -0.18906927040564514 -0.9501791596412659 0.03403325006365776 1.6332696676254272 632.6768188476562 4430
frame-000113.color.png 0.9404373341172534 0.24294631369036288 -0.14626730270956878 -0.18751156076563572 -0.9383824467658997 0.03093022294342518 1.5956774950027466 632.6768188476562 4443
frame-000114.color.png 0.9415505403144776 0.2402162740238844 -0.1453681070934863 -0.18613660351380118 -0.9409248232841492 0.034337904304265976 1.5790756940841675 632.6768188476562 4382
frame-000115.color.png 0.9425194891536657 0.23943734061951338 -0.13902489528858805 -0.1870797984085013 -0.9274755716323853 0.027108244597911835 1.568364143371582 632.6768188476562 4345
frame-000116.color.png 0.9433084014297797 0.23990525191544282 -0.1341736343519845 -0.18604345121546575 -0.8794460296630859 0.0008376353653147817 1.536536455154419 632.6768188476562 4369
frame-000117.color.png 0.944423914160022 0.2388715342189419 -0.1252228456611957 -0.1879444051496734 -0.8478186130523682 -0.006906101480126381 1.539683222770691 632.6768188476562 4349
frame-000118.color.png 0.9454126049856687 0.23583246868359414 -0.12417088338779152 -0.18750905249483016 -0.825955867767334 -0.015204750932753086 1.5096269845962524 632.6768188476562 4354
frame-000119.color.png 0.9465018806920087 0.23275774490784398 -0.12098646290871731 -0.18793695172781502 -0.8046599626541138 -0.015906643122434616 1.5086983442306519 632.6768188476562 4339
frame-000120.color.png 0.9479590129527402 0.22925527206386498 -0.1164644564834741 -0.18775452156632277 -0.7813556790351868 -0.019313869997859 1.4947298765182495 632.6768188476562 4404
frame-000121.color.png 0.9491745941694275 0.22882034100069157 -0.10947094398380668 -0.18634632744147162 -0.7599040865898132 -0.026507284492254257 1.503860354423523 632.6768188476562 4386
frame-000122.color.png 0.9507278706199385 0.22582088824287463 -0.10377460096586033 -0.18534366634458546 -0.7330356240272522 -0.03431554511189461 1.5006036758422852 632.6768188476562 4376
frame-000123.color.png 0.9512066410682685 0.2275356630330266 -0.0974107021633801 -0.18424061208045478 -0.7133738994598389 -0.055333830416202545 1.5169482231140137 632.6768188476562 4230
frame-000124.color.png 0.952486237475328 0.22865979935630568 -0.09283908955453327 -0.1785092911562657 -0.6808669567108154 -0.08289843052625656 1.4844200611114502 632.6768188476562 4359
frame-000125.color.png 0.9536050657378288 0.22910665393593524 -0.08998110887691935 -0.17335201114123505 -0.6614723801612854 -0.10066568106412888 1.4733445644378662 632.6768188476562 4402
frame-000126.color.png 0.955333706725993 0.22713548808915582 -0.08805583000736991 -0.1673115347051374 -0.63181072473526 -0.12156053632497787 1.4411139488220215 632.6768188476562 4374
frame-000127.color.png 0.957563972589779 0.22538028942109273 -0.08353893121209421 -0.15904782460155312 -0.617698073387146 -0.1233273521065712 1.4461315870285034 632.6768188476562 4389
frame-000128.color.png 0.9597913997879112 0.2223362366898354 -0.07604187134461181 -0.15357311141659188 -0.5884680151939392 -0.13432566821575165 1.4495056867599487 632.6768188476562 4420
frame-000129.color.png 0.9611385462274251 0.22198381875013182 -0.06930321610868916 -0.14877144687719024 -0.561156153678894 -0.14885865151882172 1.454211950302124 632.6768188476562 4451
frame-000130.color.png 0.9626331711724612 0.21929382741319287 -0.06435285428687906 -0.1452800921050624 -0.5388334393501282 -0.14918775856494904 1.4508676528930664 632.6768188476562 4434
frame-000131.color.png 0.9637699128776966 0.2184264576687012 -0.05904457849383384 -0.1412486296305411 -0.5071796774864197 -0.16640973091125488 1.4533799886703491 632.6768188476562 4460
frame-000132.color.png 0.964884758569377 0.2170769544822426 -0.054359607968982766 -0.1375501055422633 -0.4871973991394043 -0.17604689300060272 1.4586821794509888 632.6768188476562 4529
frame-000133.color.png 0.9655626250985153 0.21625476066928817 -0.05165878927151978 -0.13510760523276852 -0.47377684712409973 -0.17919793725013733 1.4537948369979858 632.6768188476562 4486
frame-000134.color.png 0.9660329481470938 0.2171422489067825 -0.04762623520602786 -0.13176239430899667 -0.4558125138282776 -0.1916378289461136 1.4567742347717285 632.6768188476562 4477
frame-000135.color.png 0.966407599083503 0.2169435864320364 -0.04276144235748691 -0.13100874698726098 -0.42831048369407654 -0.20260831713676453 1.4606014490127563 632.6768188476562 4465
frame-000136.color.png 0.9671744890388565 0.21643241596317336 -0.03950429887243179 -0.12716102957812345 -0.41041943430900574 -0.21316811442375183 1.447458267211914 632.6768188476562 4477
frame-000137.color.png 0.9673875381001475 0.21687597756447546 -0.03756790349560226 -0.1253587416614165 -0.4034176766872406 -0.2114199548959732 1.4551544189453125 632.6768188476562 4433
frame-000138.color.png 0.9682678247369964 0.21642201754173998 -0.032760534068608356 -0.12060546135970596 -0.38222917914390564 -0.22767417132854462 1.4407639503479004 632.6768188476562 4375
frame-000139.color.png 0.9689376079269643 0.21600072911207174 -0.028000038385672794 -0.11713067411326054 -0.358975887298584 -0.23025712370872498 1.4509128332138062 632.6768188476562 4396
frame-000140.color.png 0.9694149647557493 0.21607076370990372 -0.024639218098094044 -0.11375834083241002 -0.3486366868019104 -0.2318434864282608 1.4447400569915771 632.6768188476562 4362
frame-000141.color.png 0.9703938362373186 0.21530365893377154 -0.021971262174477507 -0.10722593287451858 -0.3289848268032074 -0.23914089798927307 1.4420192241668701 632.6768188476562 4312
frame-000142.color.png 0.9706435247548071 0.21540896827125594 -0.020054260354678635 -0.10510923309350093 -0.3089692294597626 -0.24678641557693481 1.4308791160583496 632.6768188476562 4443
frame-000143.color.png 0.970428563308075 0.21706232120423444 -0.016248090861919435 -0.10434726528566983 -0.29813069105148315 -0.25522324442863464 1.4302407503128052 632.6768188476562 4441
frame-000144.color.png 0.9710733391735918 0.21641316000733357 -0.01400455088566373 -0.09992890811162393 -0.27667832374572754 -0.26357805728912354 1.4155471324920654 632.6768188476562 4457
frame-000145.color.png 0.971245110259352 0.21665390426332518 -0.01338266563943745 -0.09780043877785063 -0.27057892084121704 -0.2672854959964752 1.4023892879486084 632.6768188476562 4495
frame-000146.color.png 0.9721389863805809 0.2150726872409412 -0.0121635246361348 -0.09242066343801536 -0.25762423872947693 -0.2658780515193939 1.4000660181045532 632.6768188476562 4477
frame-000147.color.png 0.9725616630323679 0.21319616687133539 -0.009399465005367095 -0.09264370506784275 -0.24172638356685638 -0.26508578658103943 1.3785563707351685 632.6768188476562 4553
frame-000148.color.png 0.9726077893977992 0.21370656002375044 -0.00625393935343734 -0.09123860174347719 -0.23584780097007751 -0.265345960855484 1.3799043893814087 632.6768188476562 4536
frame-000149.color.png 0.973684265699199 0.21084561762459592 -0.005476026109597504 -0.08633127704581582 -0.21827206015586853 -0.2659131586551666 1.3493918180465698 632.6768188476562 4581
frame-000150.color.png 0.9740819681885617 0.20944436551648007 -0.004293653948047784 -0.08531671312862131 -0.2180713564157486 -0.2589183747768402 1.363448977470398 632.6768188476562 4574
frame-000151.color.png 0.9739859671330197 0.2097641216402263 -0.0004172433069912838 -0.08573316166153852 -0.19935451447963715 -0.266063392162323 1.3412226438522339 632.6768188476562 4524
frame-000152.color.png 0.9743266644973286 0.20818628659163735 0.0003770199868824813 -0.08570810218774103 -0.19502654671669006 -0.25638020038604736 1.3368347883224487 632.6768188476562 4568
frame-000153.color.png 0.9748269322258869 0.20630141133263308 0.0005962181868734969 -0.08456845991918986 -0.18686361610889435 -0.2557227909564972 1.3225886821746826 632.6768188476562 4559
frame-000154.color.png 0.9751512595837214 0.20594920951334653 0.00010043925982126524 -0.08163904669375015 -0.18339142203330994 -0.2542460858821869 1.3215997219085693 632.6768188476562 4579
frame-000155.color.png 0.9760531683611106 0.20219049490210475 -0.0018821624536463479 -0.08022265121508818 -0.18282701075077057 -0.2526545822620392 1.2955561876296997 632.6768188476562 4609
frame-000156.color.png 0.9762034516166013 0.20177238577515855 -0.00017607868862304482 -0.07946505135422789 -0.18029384315013885 -0.24678461253643036 1.2909241914749146 632.6768188476562 4595
frame-000157.color.png 0.9772257948519092 0.19766810894747094 -0.002437539541790004 -0.07714352197150068 -0.1767817884683609 -0.2434755563735962 1.2614127397537231 632.6768188476562 4579
frame-000158.color.png 0.977766621628366 0.19505274678541504 -0.003141147858566723 -0.07692199159568794 -0.17891526222229004 -0.2382381111383438 1.2645790576934814 632.6768188476562 4569
frame-000159.color.png 0.9785633638448414 0.19206517013893368 -0.003144670011209774 -0.07426186377065687 -0.17563658952713013 -0.23092657327651978 1.238081932067871 632.6768188476562 4579
frame-000160.color.png 0.9791043430584466 0.18963422177445396 -0.004845491755686909 -0.0732807515363373 -0.1763264685869217 -0.22621706128120422 1.2340490818023682 632.6768188476562 4585
frame-000161.color.png 0.9795881726319413 0.18662784683338665 -0.004494955943767122 -0.07454431029268131 -0.1803089827299118 -0.22271254658699036 1.2171523571014404 632.6768188476562 4570
frame-000162.color.png 0.9797921708406921 0.18636614480571723 -0.0038574514674052152 -0.07252642344494174 -0.1795882284641266 -0.21959970891475677 1.2086514234542847 632.6768188476562 4605
frame-000163.color.png 0.9807236053999746 0.18313197337498674 -0.004920575742826325 -0.06796821369888288 -0.1789819449186325 -0.2160930335521698 1.1878663301467896 632.6768188476562 4606
frame-000164.color.png 0.9808855840099114 0.1826308627674023 -0.0048270466180035726 -0.06697864336724707 -0.1779588907957077 -0.2185869812965393 1.1701009273529053 632.6768188476562 4615
frame-000165.color.png 0.981677326581545 0.17850714483374067 -0.006214452625878755 -0.06637926105024936 -0.1710294783115387 -0.21002617478370667 1.1475507020950317 632.6768188476562 4609
frame-000166.color.png 0.9817480341381116 0.17759803306781846 -0.006451707471823178 -0.06773560058856222 -0.17460918426513672 -0.20903031527996063 1.1343121528625488 632.6768188476562 4613
frame-000167.color.png 0.9819495742663367 0.17631758020980107 -0.005955994128014607 -0.06820315711950266 -0.17079153656959534 -0.2009386271238327 1.114271879196167 632.6768188476562 4639
frame-000168.color.png 0.9820746858610313 0.17602147850172586 -0.006886423813219773 -0.06706957331076455 -0.17126096785068512 -0.20086345076560974 1.097230315208435 632.6768188476562 4617
frame-000169.color.png 0.9824523635239529 0.17353452684579826 -0.006329311025174364 -0.06806659401314397 -0.17351152002811432 -0.1933153122663498 1.0773156881332397 632.6768188476562 4616
frame-000170.color.png 0.9828424999754551 0.1719194076361556 -0.006501414449924217 -0.0664986400626456 -0.17248967289924622 -0.1947699636220932 1.0654618740081787 632.6768188476562 4579
frame-000171.color.png 0.9829417449181038 0.17023465910575478 -0.007875746226618009 -0.06916400478481935 -0.17527036368846893 -0.19105201959609985 1.047493815422058 632.6768188476562 4533
frame-000172.color.png 0.983117922801452 0.16920360028821554 -0.009132042511909294 -0.06903547867310339 -0.17411421239376068 -0.19067028164863586 1.037678837776184 632.6768188476562 4575
frame-000173.color.png 0.9829809435289973 0.169638971385677 -0.008848857623388457 -0.06994842217528915 -0.18167634308338165 -0.18608275055885315 1.0276414155960083 632.6768188476562 4579
frame-000174.color.png 0.9827505407561519 0.17055577585981227 -0.008859703444873112 -0.07094792188089456 -0.17762990295886993 -0.19232502579689026 1.0085934400558472 632.6768188476562 4518
frame-000175.color.png 0.9829370277558642 0.16898242640669472 -0.010052257126827445 -0.07196312360389484 -0.18081004917621613 -0.19005732238292694 0.9926171898841858 632.6768188476562 4508
frame-000176.color.png 0.983281964946953 0.16798269500938748 -0.01349579373356938 -0.0689656083779674 -0.18759506940841675 -0.18868254125118256 0.9908125996589661 632.6768188476562 4515
frame-000177.color.png 0.983337345567795 0.16775575920415597 -0.014673392345904535 -0.06848621483615121 -0.18990948796272278 -0.19193615019321442 0.974784255027771 632.6768188476562 4575
frame-000178.color.png 0.9836178470033483 0.16506595119421533 -0.018258065279984192 -0.07011280813858733 -0.18974225223064423 -0.18827089667320251 0.9635578989982605 632.6768188476562 4645
frame-000179.color.png 0.9838033872909864 0.1629691486883025 -0.01900057954530358 -0.07218676961558809 -0.19614960253238678 -0.184245765209198 0.9565295577049255 632.6768188476562 4596
frame-000180.color.png 0.9841041740938297 0.16102865568467434 -0.018347977088285422 -0.07260921646909443 -0.19377842545509338 -0.18356287479400635 0.9537056088447571 632.6768188476562 4579
frame-000181.color.png 0.9841416512548463 0.15966298393514577 -0.01840744032341682 -0.07506069522093323 -0.19420766830444336 -0.18340818583965302 0.9443817734718323 632.6768188476562 4561
frame-000182.color.png 0.9840591009264321 0.15923978128423746 -0.017835977140682493 -0.07715086428451272 -0.19311952590942383 -0.1819537729024887 0.9455112814903259 632.6768188476562 4617
frame-000183.color.png 0.9843745619664546 0.15896561837462067 -0.01674184428950077 -0.0738672090843521 -0.19017498195171356 -0.18345090746879578 0.9285786747932434 632.6768188476562 4614
frame-000184.color.png 0.9846836313348547 0.1577066985458021 -0.016759065568380364 -0.07242842768045024 -0.19026069343090057 -0.18170802295207977 0.9273317456245422 632.6768188476562 4627
frame-000185.color.png 0.9847020287679914 0.1574134303862443 -0.016389689488790025 -0.07289927676388679 -0.18608541786670685 -0.1826423555612564 0.9187389612197876 632.6768188476562 4634
frame-000186.color.png 0.9847416319164197 0.15623467406691882 -0.016788545403491652 -0.07478495659573005 -0.18241630494594574 -0.18036970496177673 0.9152116179466248 632.6768188476562 4619
frame-000187.color.png 0.9849732328638395 0.15387947181161052 -0.017904404955193517 -0.07634311350696196 -0.17955374717712402 -0.17938052117824554 0.905750036239624 632.6768188476562 4624
frame-000188.color.png 0.9852351164851814 0.15199883577610473 -0.01854249563163221 -0.07657868517342661 -0.17658352851867676 -0.1791173815727234 0.9000192880630493 632.6768188476562 4584
frame-000189.color.png 0.985574648731108 0.14950325241022683 -0.019865277960403244 -0.0767903641668215 -0.17538629472255707 -0.17689169943332672 0.8930105566978455 632.6768188476562 4600
frame-000190.color.png 0.9859533945633392 0.1473960115755615 -0.020187450386174248 -0.0759130184326188 -0.17295677959918976 -0.1767301857471466 0.8934824466705322 632.6768188476562 4641
frame-000191.color.png 0.9865960703240331 0.14371774361249295 -0.021587881692681513 -0.07421164030077826 -0.16730806231498718 -0.17600227892398834 0.8881323337554932 632.6768188476562 4603
frame-000192.color.png 0.9868996342245496 0.1420118479603788 -0.021916747014474578 -0.07335804800178292 -0.16592857241630554 -0.17601269483566284 0.8804858922958374 632.6768188476562 4600
frame-000193.color.png 0.987161305085092 0.14015958162019573 -0.02143445084178084 -0.07354191824980265 -0.16428980231285095 -0.17535395920276642 0.8837511539459229 632.6768188476562 4582
frame-000194.color.png 0.9877110799255058 0.13736243957785074 -0.019189768144257494 -0.07204259562357612 -0.15372058749198914 -0.17364190518856049 0.8764228820800781 632.6768188476562 4604
frame-000195.color.png 0.9881057932442494 0.13598821749236614 -0.018139173408575068 -0.0694630581565141 -0.1487564742565155 -0.1728854477405548 0.8786551356315613 632.6768188476562 4573
frame-000196.color.png 0.9886425419189764 0.13367437050810574 -0.01662927158416227 -0.0666374842249232 -0.13664637506008148 -0.17495694756507874 0.8774327039718628 632.6768188476562 4580
frame-000197.color.png 0.9889432197690188 0.13243982108524305 -0.015518603532051785 -0.06488585984796719 -0.13255760073661804 -0.17472240328788757 0.8727676868438721 632.6768188476562 4577
frame-000198.color.png 0.9895993046668681 0.12898102593556174 -0.015665722716812117 -0.06173893652486474 -0.1228966936469078 -0.17383666336536407 0.8673396110534668 632.6768188476562 4621
frame-000199.color.png 0.9898786100432126 0.1275060331413384 -0.015491092512895422 -0.06035374838594723 -0.11677537113428116 -0.1728503704071045 0.872706413269043 632.6768188476562 4610
frame-000200.color.png 0.9902189874952292 0.12464301279900906 -0.01573199671316167 -0.06068756416043032 -0.10990888625383377 -0.17152082920074463 0.8597932457923889 632.6768188476562 4641
frame-000201.color.png 0.9904942295174718 0.12344576349452648 -0.015734684552307206 -0.05860669304680771 -0.1088920310139656 -0.1683514416217804 0.8731014728546143 632.6768188476562 4598
frame-000202.color.png 0.9908421392690986 0.12285800321422483 -0.016635207868850678 -0.053488652572389356 -0.09817907214164734 -0.1731628179550171 0.8600190877914429 632.6768188476562 4639
frame-000203.color.png 0.9911192864320502 0.12090181330550454 -0.01745096281452243 -0.0525430823107178 -0.09634608775377274 -0.17140935361385345 0.8640098571777344 632.6768188476562 4657
frame-000204.color.png 0.9912954843085644 0.11980518547763921 -0.016956283801072374 -0.05188896570346047 -0.09498406201601028 -0.17041437327861786 0.8677276372909546 632.6768188476562 4646
frame-000205.color.png 0.9916085730150647 0.11872567770191822 -0.014887743632188827 -0.04893880328317813 -0.08563539385795593 -0.17072747647762299 0.8649894595146179 632.6768188476562 4662
frame-000206.color.png 0.9918504134785706 0.11643664641623776 -0.01573465150759127 -0.0492715475265727 -0.08057475090026855 -0.1692965179681778 0.8542240262031555 632.6768188476562 4649
frame-000207.color.png 0.9923907256510959 0.11356352575275806 -0.014280941791885996 -0.04538753090696677 -0.0763133093714714 -0.1660851687192917 0.862653374671936 632.6768188476562 4668
frame-000208.color.png 0.9926550197745695 0.11195627726631406 -0.014598096475692627 -0.04345916792005812 -0.07275788486003876 -0.16550078988075256 0.8654500246047974 632.6768188476562 4642
frame-000209.color.png 0.9928318401802092 0.11031524217130093 -0.01229927831004014 -0.04431943391018003 -0.06584305316209793 -0.16489754617214203 0.8651911616325378 632.6768188476562 4654
frame-000210.color.png 0.9929711490370356 0.10940475067813259 -0.010555333152592867 -0.04390310525649304 -0.06334781646728516 -0.1621190309524536 0.865358293056488 632.6768188476562 4639
frame-000211.color.png 0.9934771634915244 0.10611106887180174 -0.01127704700912477 -0.04020441386803953 -0.05868437513709068 -0.15758326649665833 0.8606749176979065 632.6768188476562 4656
frame-000212.color.png 0.9936044240640272 0.10518132499204466 -0.010124199336745542 -0.03980751111411789 -0.057173337787389755 -0.15602102875709534 0.8691059947013855 632.6768188476562 4625
frame-000213.color.png 0.9935640503846985 0.10592577057009661 -0.008998157871158121 -0.03910552476580773 -0.05105270445346832 -0.157599538564682 0.8661637902259827 632.6768188476562 4652
frame-000214.color.png 0.9937922384284475 0.10325056457133526 -0.010227867813258006 -0.040145964617514185 -0.047821931540966034 -0.15729662775993347 0.8692704439163208 632.6768188476562 4646
frame-000215.color.png 0.9937202173002334 0.10388615031147157 -0.009596961524908132 -0.04044373661926617 -0.047785673290491104 -0.15703855454921722 0.8689571022987366 632.6768188476562 4665
frame-000216.color.png 0.9938435835219122 0.10307717137932886 -0.01130977947301308 -0.03901431943572056 -0.04330296441912651 -0.15828190743923187 0.8565828204154968 632.6768188476562 4674
frame-000217.color.png 0.994029430743949 0.10152005802939376 -0.012741474418532775 -0.037905454254117364 -0.043627604842185974 -0.15855351090431213 0.8566008806228638 632.6768188476562 4673
frame-000218.color.png 0.9943075597797538 0.09893526504441073 -0.013169110485455368 -0.03729429479753407 -0.04245341569185257 -0.15562710165977478 0.8599264621734619 632.6768188476562 4638
frame-000219.color.png 0.9944007320493232 0.09801541143428603 -0.014087682341566965 -0.03690122528292052 -0.03913150355219841 -0.15427830815315247 0.8567560315132141 632.6768188476562 4652
frame-000220.color.png 0.994658038046291 0.09499443464535533 -0.012599531105694927 -0.03837572868661692 -0.04132650047540665 -0.151352658867836 0.8606876134872437 632.6768188476562 4700
frame-000221.color.png 0.9947964925766305 0.09426126157441624 -0.011873575247638872 -0.036793628992968404 -0.03771865740418434 -0.1498119831085205 0.8573466539382935 632.6768188476562 4676
frame-000222.color.png 0.9952602138776587 0.09031136073981524 -0.012667060751697715 -0.03377144304634697 -0.03352890536189079 -0.14731979370117188 0.8634210824966431 632.6768188476562 4674
frame-000223.color.png 0.9953848604860963 0.0891399527193206 -0.011126009972083135 -0.03375292944876073 -0.03349831700325012 -0.14702396094799042 0.8663660287857056 632.6768188476562 4680
frame-000224.color.png 0.9956394393222454 0.08709994028127702 -0.010239476339055921 -0.03179403078228425 -0.03166203200817108 -0.14412996172904968 0.8599683046340942 632.6768188476562 4645
frame-000225.color.png 0.995731339414366 0.08572877747130468 -0.010734806760115869 -0.03247214722144417 -0.030869582667946815 -0.14332592487335205 0.865005612373352 632.6768188476562 4645
frame-000226.color.png 0.9958176449230255 0.08459347861189342 -0.008003597980650774 -0.03357236744202369 -0.02611333318054676 -0.14389269053936005 0.8535966873168945 632.6768188476562 4632
frame-000227.color.png 0.9959490167514682 0.0833155318253287 -0.007941160642836075 -0.03287881013800758 -0.02529171295464039 -0.1425398737192154 0.8576071262359619 632.6768188476562 4624
frame-000228.color.png 0.9960415474753878 0.08136029755145258 -0.007679931305591646 -0.0349679330289252 -0.021041279658675194 -0.14330172538757324 0.8436917066574097 632.6768188476562 4647
frame-000229.color.png 0.9961639208619415 0.07980578425910695 -0.007524716164840646 -0.035097837802218465 -0.019576488062739372 -0.13981270790100098 0.8515512943267822 632.6768188476562 4636
frame-000230.color.png 0.9963320874018105 0.07779948109568084 -0.00803994965872395 -0.034712700331132725 -0.01920522004365921 -0.13906329870224 0.8295568227767944 632.6768188476562 4629
frame-000231.color.png 0.9965453655718467 0.07489304248010845 -0.007854848870941027 -0.03502381896026941 -0.01911206729710102 -0.13572819530963898 0.837285578250885 632.6768188476562 4625
frame-000232.color.png 0.9967140385888503 0.07274145542170073 -0.007841280525713304 -0.03476090135128033 -0.0225053858011961 -0.13305190205574036 0.8343868255615234 632.6768188476562 4619
frame-000233.color.png 0.9969134585593122 0.06974924000645367 -0.007943652608389258 -0.035149652132984016 -0.019320793449878693 -0.13265961408615112 0.8253121376037598 632.6768188476562 4622
frame-000234.color.png 0.9971221576758393 0.067098124554867 -0.00807704471350817 -0.034351211067359944 -0.022583210840821266 -0.12577438354492188 0.8290616273880005 632.6768188476562 4644
frame-000235.color.png 0.9972751690456353 0.06498315381380415 -0.007820762735151457 -0.034033257200150914 -0.020945236086845398 -0.12480056285858154 0.8192369341850281 632.6768188476562 4653
frame-000236.color.png 0.9975681519814869 0.061900437580726005 -0.008690796721888522 -0.030831607676128536 -0.01815522275865078 -0.1216362789273262 0.8153620362281799 632.6768188476562 4631
frame-000237.color.png 0.9976955237409693 0.06007010120871131 -0.008873635446107605 -0.030273477533603127 -0.02006424590945244 -0.12286423146724701 0.8087274432182312 632.6768188476562 4618
frame-000238.color.png 0.9979358120381056 0.05715400520741839 -0.007614714987037569 -0.028276330318188075 -0.022107474505901337 -0.12275265157222748 0.8037576079368591 632.6768188476562 4583
frame-000239.color.png 0.9980510781075717 0.054948382109995086 -0.008091148208447788 -0.02844739201537802 -0.01944514736533165 -0.12245441228151321 0.7860851883888245 632.6768188476562 4605
frame-000240.color.png 0.998114344947754 0.05220127447405264 -0.007869838993147322 -0.031318476767280626 -0.014864963479340076 -0.12761813402175903 0.7797913551330566 632.6768188476562 4538
frame-000241.color.png 0.9982281745661613 0.04982993569802727 -0.008397526393589958 -0.031416087616200114 -0.008320222608745098 -0.1252431571483612 0.7573713064193726 632.6768188476562 4553
frame-000242.color.png 0.9983671537375101 0.0468977706255343 -0.009781509157698166 -0.0311118550879797 -0.014065596275031567 -0.12173815071582794 0.7404028177261353 632.6768188476562 4561
frame-000243.color.png 0.998665933272007 0.04123038320301419 -0.00932396268593627 -0.029655909069106715 -0.031103868037462234 -0.14149698615074158 0.7453085780143738 632.6768188476562 4366
frame-000244.color.png 0.9987620052931361 0.0369534881690384 -0.012845807023075851 -0.030722658363173186 -0.01712522655725479 -0.15927788615226746 0.72284996509552 632.6768188476562 4364
frame-000245.color.png 0.9994331858386687 0.006293136005986583 -0.005850722384742971 -0.03254953964583896 -0.08599743247032166 -0.3703669011592865 0.7649105787277222 632.6768188476562 4403
frame-000246.color.png 0.9994067575284787 0.005808135230218751 -0.006972054130626538 -0.03322332061609093 -0.07740673422813416 -0.36536040902137756 0.7481233477592468 632.6768188476562 4448
frame-000247.color.png 0.9994211059376983 0.000453526171017484 -0.00584226335437525 -0.033512912126201354 -0.08569369465112686 -0.37329620122909546 0.739466667175293 632.6768188476562 4504
frame-000248.color.png 0.9994811266983715 0.0008578044732215271 -0.005454796664131946 -0.03173305435334894 -0.0801505371928215 -0.3743818998336792 0.7362637519836426 632.6768188476562 4522
frame-000249.color.png 0.9995108599653828 -0.0013349511431532941 -0.004414245618280863 -0.03093174990729984 -0.08225034922361374 -0.3812330961227417 0.7169564366340637 632.6768188476562 4505
frame-000250.color.png 0.9995731088856394 -0.0005063089180598892 -0.0052526223533946965 -0.028735928772005075 -0.07590661197900772 -0.379498690366745 0.7041965126991272 632.6768188476562 4550
frame-000251.color.png 0.9996566524647726 -0.0038152587649515767 -0.007789470875119679 -0.024725394374343103 -0.07709521055221558 -0.3797743618488312 0.6895128488540649 632.6768188476562 4539
frame-000252.color.png 0.999647722890685 -0.0040329000266729285 -0.008049632185938115 -0.02496736386794335 -0.07830797135829926 -0.3820268213748932 0.6763255000114441 632.6768188476562 4565
frame-000253.color.png 0.9996873000302242 -0.006876582596263885 -0.010140537960193367 -0.021798721521115175 -0.07655958831310272 -0.3778098523616791 0.6627004742622375 632.6768188476562 4618
frame-000254.color.png 0.9997158813881518 -0.007113922939143366 -0.01144015724242996 -0.019663962037067984 -0.07869376987218857 -0.38056692481040955 0.6473659873008728 632.6768188476562 4533
frame-000255.color.png 0.9996711660591644 -0.010764232044647326 -0.012317536950643717 -0.019747641425475488 -0.0812954232096672 -0.3746839165687561 0.6367995738983154 632.6768188476562 4566
frame-000256.color.png 0.9996817138010029 -0.01085238692670497 -0.012820718715119276 -0.01882354805849808 -0.07807938009500504 -0.3768898844718933 0.6309998035430908 632.6768188476562 4590
frame-000257.color.png 0.9995949815902755 -0.013940661835884653 -0.013079065798898911 -0.021082427871155607 -0.08059189468622208 -0.36836159229278564 0.6146941184997559 632.6768188476562 4579
frame-000258.color.png 0.9995762800280534 -0.014174703581254982 -0.012115071532594307 -0.022350911064702588 -0.07993480563163757 -0.36860334873199463 0.6099554896354675 632.6768188476562 4618
frame-000259.color.png 0.9996308177278798 -0.012997991266097129 -0.011968084703814762 -0.02064086772059652 -0.07453890144824982 -0.3683377206325531 0.5965064764022827 632.6768188476562 4585
frame-000260.color.png 0.9996458841612029 -0.014254735078821995 -0.011293618291802577 -0.019425833142453847 -0.07504019886255264 -0.36705800890922546 0.5825304388999939 632.6768188476562 4622
frame-000261.color.png 0.9996418600627861 -0.014643420555176099 -0.012194890081212228 -0.018788467222334963 -0.07157202810049057 -0.3657899796962738 0.5854172706604004 632.6768188476562 4609
frame-000262.color.png 0.9996236967161959 -0.013928487010871175 -0.011818939493101801 -0.020463989891835503 -0.07226976007223129 -0.36109066009521484 0.5695458054542542 632.6768188476562 4594
frame-000263.color.png 0.9996288182208335 -0.013161247646088694 -0.01070784201493784 -0.021315474712081398 -0.07151325792074203 -0.36053428053855896 0.5616863369941711 632.6768188476562 4589
frame-000264.color.png 0.9996027759307854 -0.013385605246351118 -0.010818293960593226 -0.02231771582037356 -0.06457629799842834 -0.3525429964065552 0.5505595207214355 632.6768188476562 4588
frame-000265.color.png 0.9996156442363043 -0.013018504565544221 -0.011307650949231071 -0.021707587773068696 -0.061900846660137177 -0.351015567779541 0.5472455620765686 632.6768188476562 4531
frame-000266.color.png 0.9996255629466015 -0.012561401874437286 -0.01177955065096784 -0.021264695462199286 -0.06003357842564583 -0.34093183279037476 0.5368298292160034 632.6768188476562 4574
frame-000267.color.png 0.999635430061251 -0.011848295838289061 -0.011593390252544569 -0.021312394385388223 -0.05904533341526985 -0.3312950134277344 0.5308874249458313 632.6768188476562 4617
frame-000268.color.png 0.9996384093886815 -0.012685234738374154 -0.012103727379465046 -0.020387130205662792 -0.05776602774858475 -0.32807034254074097 0.5304189920425415 632.6768188476562 4576
frame-000269.color.png 0.9996525997723784 -0.012043916216684037 -0.01353598957228678 -0.01914159964029769 -0.05464382842183113 -0.3103364109992981 0.5181896090507507 632.6768188476562 4569
frame-000270.color.png 0.9996031151780667 -0.013083148777249913 -0.014577946678522054 -0.02024664947627967 -0.05107547715306282 -0.3036574125289917 0.5217718482017517 632.6768188476562 4598
frame-000271.color.png 0.9996072349428315 -0.012031607092434489 -0.014454152747877999 -0.02077724113208838 -0.04900626465678215 -0.2936776578426361 0.5147631764411926 632.6768188476562 4591
frame-000272.color.png 0.9995867196112388 -0.01222974872903473 -0.015335815110659174 -0.02101513734808808 -0.05084841698408127 -0.28993159532546997 0.514018714427948 632.6768188476562 4613
frame-000273.color.png 0.9995175154632453 -0.011048799772311093 -0.018380355175960275 -0.022468263158912316 -0.04951038584113121 -0.27627238631248474 0.5020371079444885 632.6768188476562 4644
frame-000274.color.png 0.9994673094078329 -0.012638269778459452 -0.017524575549965754 -0.02445937067602981 -0.05049775540828705 -0.27847820520401 0.504882276058197 632.6768188476562 4651
frame-000275.color.png 0.9994053635001334 -0.009484272192171883 -0.019239322597339275 -0.026996600788738757 -0.05081713944673538 -0.26943066716194153 0.49316495656967163 632.6768188476562 4670
frame-000276.color.png 0.9993783920167812 -0.009273818226721915 -0.019994014252579632 -0.02751481890760055 -0.05091748759150505 -0.2703198790550232 0.4949391782283783 632.6768188476562 4647
frame-000277.color.png 0.9994635047476562 -0.007613961560873244 -0.018683714452330878 -0.025800175990581525 -0.05351307615637779 -0.2738659679889679 0.48769110441207886 632.6768188476562 4651
frame-000278.color.png 0.99944117755704 -0.0053379505668920205 -0.021133386578881284 -0.02534203738554394 -0.04979049041867256 -0.2715977728366852 0.4747477173805237 632.6768188476562 4636
frame-000279.color.png 0.9994223710811374 -0.0036111301565710406 -0.021441797581216875 -0.02611768056385911 -0.049448560923337936 -0.26673418283462524 0.4715368151664734 632.6768188476562 4637
frame-000280.color.png 0.9993936359874206 -0.003309539065456074 -0.02131435300407496 -0.027333233526878453 -0.05569462105631828 -0.2665165662765503 0.46394965052604675 632.6768188476562 4651
frame-000281.color.png 0.9993748503515226 -0.0018062942899750563 -0.022892104771342146 -0.026881170453455328 -0.05391741916537285 -0.2624201774597168 0.45822781324386597 632.6768188476562 4628
frame-000282.color.png 0.9993802813691787 -0.0009236660050885818 -0.02295382353379563 -0.02667062122920612 -0.05369008705019951 -0.2549085021018982 0.4515087604522705 632.6768188476562 4638
frame-000283.color.png 0.9993280021103106 -0.0006549288090096435 -0.02356420635215146 -0.028068549044496717 -0.05505410209298134 -0.24830719828605652 0.44619637727737427 632.6768188476562 4705
frame-000284.color.png 0.9993358850609988 -0.0026171134154094884 -0.02341554087198366 -0.02779661836255598 -0.054774485528469086 -0.24564214050769806 0.4471401870250702 632.6768188476562 4680
frame-000285.color.png 0.9993671999237803 -0.0014662687468360205 -0.023857335127820737 -0.026341551455138612 -0.051495376974344254 -0.24002563953399658 0.4406942129135132 632.6768188476562 4668
frame-000286.color.png 0.9993418053128409 -0.0028428763282468167 -0.023169853134685975 -0.02776746502602303 -0.0499858595430851 -0.23086437582969666 0.4393561780452728 632.6768188476562 4673
frame-000287.color.png 0.999464486250408 -0.002027336654167704 -0.021924334113590627 -0.024206490947145994 -0.05173294246196747 -0.22656933963298798 0.43412482738494873 632.6768188476562 4646
frame-000288.color.png 0.9994941215572678 -0.003145963628328502 -0.022796280369808363 -0.021952983547025382 -0.04759615659713745 -0.22070154547691345 0.4321590065956116 632.6768188476562 4662
frame-000289.color.png 0.9995199208184604 -0.001879811796794007 -0.021688566084544742 -0.02204541439536889 -0.05062277987599373 -0.2187633067369461 0.4296240508556366 632.6768188476562 4696
frame-000290.color.png 0.9995433721396058 -0.0025407535726403607 -0.021813966846649695 -0.02075434011193757 -0.053988978266716 -0.20609277486801147 0.4203377366065979 632.6768188476562 4670
frame-000291.color.png 0.9995533740015131 -0.0032491346307086623 -0.02315991680954054 -0.018604136629201042 -0.05032503604888916 -0.20418746769428253 0.42325618863105774 632.6768188476562 4641
frame-000292.color.png 0.9995639287371079 -0.0023542025250504806 -0.022648686060896497 -0.018800189302876885 -0.04957551509141922 -0.20121845602989197 0.4173583984375 632.6768188476562 4612
frame-000293.color.png 0.999611594000678 -0.0027538051541146124 -0.02208091430698657 -0.016778287158240278 -0.05167171359062195 -0.18689391016960144 0.41127461194992065 632.6768188476562 4592
frame-000294.color.png 0.9996204409814419 -0.001777378198235913 -0.023110668882685884 -0.014889992699902089 -0.048442281782627106 -0.1818176507949829 0.4102509915828705 632.6768188476562 4593
frame-000295.color.png 0.9997162231151323 -0.0021613217697441724 -0.020803448788052827 -0.011402563183136153 -0.04716578125953674 -0.17330783605575562 0.4025344252586365 632.6768188476562 4604
frame-000296.color.png 0.9997315740472845 -0.003621190694485624 -0.02047946679039814 -0.010210693946731565 -0.043257493525743484 -0.17465750873088837 0.4001331031322479 632.6768188476562 4597
frame-000297.color.png 0.9998169887662247 -0.0009222577590460152 -0.016730741296683085 -0.00923150641706082 -0.041244491934776306 -0.1592724770307541 0.39367178082466125 632.6768188476562 4556
frame-000298.color.png 0.9998715469871713 -0.0015345119841227975 -0.014772213836868704 -0.006026317018650328 -0.040406402200460434 -0.15523719787597656 0.3907981216907501 632.6768188476562 4552
frame-000299.color.png 0.9998893766924084 -0.0008231233156758569 -0.014346391079543386 -0.003838998393728367 -0.03478604182600975 -0.14970551431179047 0.391336053609848 632.6768188476562 4528
frame-000300.color.png 0.999944705639834 -0.001699798426255126 -0.01028030301911871 -0.001418350454234332 -0.03127631917595863 -0.13624730706214905 0.38423585891723633 632.6768188476562 4558
frame-000301.color.png 0.9999570035140998 -0.002530742605280944 -0.008906459972641341 0.0005113078566195272 -0.029735874384641647 -0.1345432847738266 0.3855956792831421 632.6768188476562 4581
frame-000302.color.png 0.9999696442415164 -0.0016604761728847826 -0.007296899514844955 0.0021699474290723356 -0.027526620775461197 -0.12624022364616394 0.3811408281326294 632.6768188476562 4576
frame-000303.color.png 0.9999800204823626 -0.0027723082557571652 -0.0045825271083119205 0.0033575866824895953 -0.02222108095884323 -0.11774975061416626 0.38523390889167786 632.6768188476562 4553
frame-000304.color.png 0.9999896120632762 -0.000691684491192416 -0.0029768579314031684 0.003381664524959787 -0.02105548232793808 -0.10818769782781601 0.3765980899333954 632.6768188476562 4522
frame-000305.color.png 0.9999774466102094 -0.004926637563476782 0.0027723729245933667 0.0036260807507428727 -0.01789878122508526 -0.10675251483917236 0.3774985671043396 632.6768188476562 4549
frame-000306.color.png 0.9999767159751187 -0.001685016671810105 0.00301640169572761 0.005884687522933206 -0.016142606735229492 -0.09789726138114929 0.37267443537712097 632.6768188476562 4565
frame-000307.color.png 0.9999549840441389 -0.0039034443324042975 0.0014268191762909777 0.008529782803093895 -0.016686728224158287 -0.09992164373397827 0.3704819679260254 632.6768188476562 4554
frame-000308.color.png 0.9999503973569414 -0.001471054627385649 0.004034036085804476 0.008986955927155761 -0.017216648906469345 -0.09839365631341934 0.36202988028526306 632.6768188476562 4568
frame-000309.color.png 0.9999541100326488 -0.000838430085946513 0.00511752416751121 0.008055172884514145 -0.012729605659842491 -0.09624990820884705 0.35391125082969666 632.6768188476562 4556
frame-000310.color.png 0.9999513483009641 0.001274184658720666 0.006803478418356494 0.007027813739023366 -0.01149431150406599 -0.09389259666204453 0.34436511993408203 632.6768188476562 4584
frame-000311.color.png 0.9999303021058223 0.0018685069923320896 0.008285660666653956 0.008200453615221561 -0.01024586334824562 -0.08930254727602005 0.33737602829933167 632.6768188476562 4595
frame-000312.color.png 0.9998815451979907 0.0038263150444196427 0.008636752048370047 0.012151600705857055 -0.005094234365969896 -0.08087325096130371 0.3254673182964325 632.6768188476562 4550
frame-000313.color.png 0.9999117943672111 0.002720322157360279 0.008108016112592304 0.010161860431142863 -0.002581544453278184 -0.07950782775878906 0.3218989372253418 632.6768188476562 4544
frame-000314.color.png 0.9999317623723409 0.002596116733635937 0.008324294350428734 0.007774117340052441 -0.002772912848740816 -0.07515601068735123 0.31591400504112244 632.6768188476562 4478
frame-000315.color.png 0.9999592953246204 0.0005581511237090116 0.0057972048948986415 0.006891195587009017 0.00014003792603034526 -0.06946590542793274 0.30989164113998413 632.6768188476562 4441
frame-000316.color.png 0.9999685007574058 0.0020174949856714658 0.0054818705518704415 0.005373667483321232 -0.0011709219543263316 -0.059836409986019135 0.29952844977378845 632.6768188476562 4445
frame-000317.color.png 0.9999772563249867 -0.0019618519741867752 0.0009220246069195187 0.006386535853450917 0.0020746970549225807 -0.052056800574064255 0.2888786792755127 632.6768188476562 4372
frame-000318.color.png 0.999965667347091 -0.002863160571271895 -0.0027210497228239115 0.007284389269946756 0.008564990945160389 -0.0471397340297699 0.28261128067970276 632.6768188476562 4375
frame-000319.color.png 0.9999666205058692 -0.005366226809756261 -0.002839550204191166 0.005467946464186089 0.011408391408622265 -0.045697763562202454 0.2777771055698395 632.6768188476562 4311
frame-000320.color.png 0.9999716368755439 -0.0034838871165691885 -0.005869041584880718 0.003184701850917437 0.015833809971809387 -0.03655281290411949 0.2690929174423218 632.6768188476562 4362
frame-000321.color.png 0.9999654827574296 -0.004806599034585037 -0.006766403147996496 -0.00038169079158226573 0.017551861703395844 -0.024535298347473145 0.25638437271118164 632.6768188476562 4211
frame-000322.color.png 0.9999426872807198 -0.0076253225425063995 -0.0043911169877354165 -0.006098745898578172 0.022097524255514145 -0.03409760445356369 0.257931649684906 632.6768188476562 4365
frame-000323.color.png 0.9999406576245335 -0.005267901918682116 -0.007379812573416893 -0.006038940732582922 0.03275267034769058 -0.02318228781223297 0.2511029541492462 632.6768188476562 4428
frame-000324.color.png 0.9999028340198324 -0.007624416605764498 -0.008148138537739241 -0.008354557373018899 0.032725587487220764 -0.020381150767207146 0.2465459555387497 632.6768188476562 4395
frame-000325.color.png 0.9998344037875471 -0.01005656376110033 -0.009892472941154638 -0.011496499781576453 0.041431084275245667 -0.01853131502866745 0.24174055457115173 632.6768188476562 4426
frame-000326.color.png 0.9997864631469087 -0.010939934715682009 -0.009429564828090969 -0.014779351939930178 0.043060652911663055 -0.017773225903511047 0.24072495102882385 632.6768188476562 4353
frame-000327.color.png 0.9997941698664469 -0.009019749155511732 -0.010367713698423495 -0.014925566619115614 0.03825961798429489 -0.013859152793884277 0.22984839975833893 632.6768188476562 4404
frame-000328.color.png 0.9998003544256236 -0.009589600987335226 -0.010964714390224672 -0.013677202990441489 0.02815033495426178 -0.01021671388298273 0.2221875935792923 632.6768188476562 4435
frame-000329.color.png 0.999674741006325 -0.009800562989031925 -0.02067300781470676 -0.011268891113510754 0.041284509003162384 -0.011204354465007782 0.21811120212078094 632.6768188476562 4416
frame-000330.color.png 0.9996539639107574 -0.008632424519469696 -0.021907110942150636 -0.011726558514492414 0.04367460310459137 -0.008305280469357967 0.21471276879310608 632.6768188476562 4430
frame-000331.color.png 0.9995801312115538 -0.00641599323241865 -0.025874396758245887 -0.011353938097925334 0.044727325439453125 -0.006219443399459124 0.19865605235099792 632.6768188476562 4425
frame-000332.color.png 0.9995642571884015 -0.00565998134709552 -0.02557544992930445 -0.01360723055817199 0.04602893441915512 -0.005782551597803831 0.19567978382110596 632.6768188476562 4446
frame-000333.color.png 0.99957093497075 -0.003321935554153612 -0.025932851315193656 -0.013205980786703228 0.04862530902028084 0.004222340416163206 0.17995183169841766 632.6768188476562 4395
frame-000334.color.png 0.9995625221248905 -0.0063867225731959005 -0.024948809886255842 -0.01454410613823287 0.050160378217697144 0.004240270238369703 0.17529670894145966 632.6768188476562 4436
frame-000335.color.png 0.9996114036085234 -0.008113627441344298 -0.021909221572610906 -0.015205158191317755 0.0494154654443264 -0.004383175168186426 0.17035025358200073 632.6768188476562 4448
frame-000336.color.png 0.9997592349300065 -0.007120117250434609 -0.017725800584277585 -0.010796855845786116 0.053309276700019836 0.007749900687485933 0.16102029383182526 632.6768188476562 4474
frame-000337.color.png 0.9997974277574464 -0.006534679892226086 -0.016981784910119955 -0.008603510304882007 0.05488470569252968 0.010101458989083767 0.15984880924224854 632.6768188476562 4491
frame-000338.color.png 0.9998670998137537 -0.00791597779805709 -0.013475979428901576 -0.00463874810328597 0.05622236803174019 0.013321314938366413 0.14841227233409882 632.6768188476562 4490
frame-000339.color.png 0.9999049079962589 -0.0071022029656838855 -0.011506310910889515 -0.0027089642391848585 0.05695178359746933 0.017416968941688538 0.14293470978736877 632.6768188476562 4436
frame-000340.color.png 0.999923369594126 -0.006743705177773404 -0.01020531689892333 -0.0019049637783570723 0.058386921882629395 0.02511703595519066 0.13483481109142303 632.6768188476562 4500
frame-000341.color.png 0.9999320427485155 -0.008333489281591382 -0.00787971948840017 0.002091138914225563 0.05440733581781387 0.02949940599501133 0.1283479630947113 632.6768188476562 4388
frame-000342.color.png 0.9999207896781176 -0.008551556195423296 -0.008881556898113985 0.002530455135294722 0.05559360608458519 0.030020100995898247 0.12118209153413773 632.6768188476562 4354
frame-000343.color.png 0.9999162333617857 -0.010204424994359826 -0.007693911978202252 0.0020493141743191134 0.05555534362792969 0.041217997670173645 0.10748139023780823 632.6768188476562 4363
frame-000344.color.png 0.9999211913428929 -0.010193157037567886 -0.00728232922954758 0.0008236103506636094 0.057443324476480484 0.04516668617725372 0.10256659984588623 632.6768188476562 4281
frame-000345.color.png 0.9998965200034294 -0.012589538290350304 -0.0034088228129427363 -0.006068998080185035 0.051230914890766144 0.046713124960660934 0.09409850835800171 632.6768188476562 4222
frame-000346.color.png 0.9999237993966 -0.009670417959524698 -0.003119216844921764 -0.007010627862786393 0.04802386835217476 0.049439094960689545 0.08703725039958954 632.6768188476562 4242
frame-000347.color.png 0.9999396701703447 -0.008174484149158081 -0.0038010733882602875 -0.0062758003166551975 0.04344596341252327 0.05942593142390251 0.07402132451534271 632.6768188476562 4060
frame-000348.color.png 0.9999173501574646 -0.01049936624108491 -0.007032726702451818 0.002365780576995871 0.0417729876935482 0.06387893110513687 0.06774920225143433 632.6768188476562 3687
frame-000349.color.png 0.9994360398819306 -0.03346757655107966 0.0026760224694168722 -0.0006020038743859562 -0.04158893972635269 -0.1931825578212738 0.21706046164035797 632.6768188476562 2712
frame-000350.color.png 0.9993671782607734 -0.03549014132792794 -0.00037042644970807236 0.0023570464290637696 -0.039303649216890335 -0.18559488654136658 0.20979467034339905 632.6768188476562 2949
frame-000351.color.png 0.9992701580575287 -0.036159970444171984 -0.006229863975875307 0.01062057192434826 -0.03386932983994484 -0.18440081179141998 0.21083495020866394 632.6768188476562 3333
frame-000352.color.png 0.9993544201902539 -0.03380613804741489 -0.006156262248220328 0.010487531246753473 -0.03037923201918602 -0.17514288425445557 0.19157437980175018 632.6768188476562 3363
frame-000353.color.png 0.9992348927599825 -0.03656741114932501 -0.0033380326351518607 0.013465179943436267 -0.02654062584042549 -0.17179785668849945 0.18753786385059357 632.6768188476562 3522
frame-000354.color.png 0.9992423717269249 -0.030382664309538152 -0.0015389204879235514 0.024273606628103923 -0.019600016996264458 -0.14819937944412231 0.18292276561260223 632.6768188476562 3826
frame-000355.color.png 0.9992286224275749 -0.031150930351246456 -0.0005608448741869721 0.023905336491459327 -0.016819529235363007 -0.14760947227478027 0.18268705904483795 632.6768188476562 3744
frame-000356.color.png 0.9993080555991865 -0.029103403393670055 0.002341759510747587 0.02304165983327277 -0.009576636366546154 -0.13904373347759247 0.1733032464981079 632.6768188476562 4091
frame-000357.color.png 0.9993809811654597 -0.028030283724599415 0.00744072012231564 0.019914651971421896 -0.008271077647805214 -0.12900784611701965 0.1761070042848587 632.6768188476562 4066
frame-000358.color.png 0.999533052787214 -0.02109986023466693 0.010129464219101594 0.019643478271015008 0.0024972367100417614 -0.10208165645599365 0.17802274227142334 632.6768188476562 4184
frame-000359.color.png 0.9995897607140478 -0.020121721000762403 0.011633927584087263 0.01673554147819333 0.005122494418174028 -0.0952470600605011 0.1794716864824295 632.6768188476562 4281
frame-000360.color.png 0.9996248322668392 -0.01962309760253487 0.012969778394319682 0.014032590793481502 0.01067047007381916 -0.08654174953699112 0.17931830883026123 632.6768188476562 4349
frame-000361.color.png 0.9996912731694823 -0.018447203611025635 0.014464530012386574 0.008236285524061034 0.007093215826898813 -0.07674212008714676 0.18079876899719238 632.6768188476562 4298
frame-000362.color.png 0.9996978459964118 -0.018680289536025314 0.014859135747942186 0.005871079782199472 0.006438192445784807 -0.06963414698839188 0.17995943129062653 632.6768188476562 4312
frame-000363.color.png 0.9996836356621104 -0.018356667502764767 0.015505854266945666 0.007431677538085441 -0.004034186713397503 -0.06095507740974426 0.17289374768733978 632.6768188476562 4275
frame-000364.color.png 0.9996485719992726 -0.022674311679866763 0.0103596719475133 0.009015835335639478 0.0030302139930427074 -0.06802584230899811 0.17961084842681885 632.6768188476562 4431
frame-000365.color.png 0.9996978416576207 -0.020421980949910427 0.008928716176455912 0.01036562138112051 0.003751361044123769 -0.06465334445238113 0.17715056240558624 632.6768188476562 4415
frame-000366.color.png 0.9997185992633278 -0.02002140907031872 0.0055569913205546235 0.011444881531581403 -0.00023075437638908625 -0.05470668897032738 0.169219970703125 632.6768188476562 4406
frame-000367.color.png 0.9997327371562779 -0.019848800114808073 0.0028651113867545802 0.011500892520163397 0.0011629853397607803 -0.05457537993788719 0.16652175784111023 632.6768188476562 4392
frame-000368.color.png 0.9997502900120927 -0.01999449191712986 0.001731223672612572 0.009827551999738237 0.002670018468052149 -0.05328352376818657 0.16038455069065094 632.6768188476562 4463
frame-000369.color.png 0.9997561192040954 -0.020042464189315077 0.001388617831005915 0.009169159378380733 -0.0052627562545239925 -0.04710595682263374 0.15377093851566315 632.6768188476562 4492
frame-000370.color.png 0.999761058409276 -0.019444092926091047 -0.0018776548706473553 0.009809574447059257 -0.003792316187173128 -0.04013225808739662 0.1467851847410202 632.6768188476562 4406
frame-000371.color.png 0.9996706816755488 -0.02044278439231865 -0.00503431320297406 0.014672302314466142 0.0003752678749151528 -0.04026485234498978 0.1377791464328766 632.6768188476562 4390
frame-000372.color.png 0.9997264306263255 -0.0190554855090911 -0.005056804972274592 0.012584955408424452 0.0015859210398048162 -0.03257047012448311 0.12907961010932922 632.6768188476562 4459
frame-000373.color.png 0.9997628344708762 -0.019120456456950582 -0.004144461207710532 0.00956589760215621 0.000878192309755832 -0.03363427892327309 0.12612923979759216 632.6768188476562 4455
frame-000374.color.png 0.9998418922269376 -0.014835462464158934 -0.003836255877098535 0.009021238405933699 0.002920841332525015 -0.024502653628587723 0.11195478588342667 632.6768188476562 4463
frame-000375.color.png 0.9998758708579345 -0.013081924748321908 -0.003496820088258976 0.00805471105855331 0.0038664282765239477 -0.01732659712433815 0.10362178832292557 632.6768188476562 4476
frame-000376.color.png 0.9998680719178931 -0.013058567746028362 -0.00393645046712603 0.008821390215679488 0.008458749391138554 -0.01580071449279785 0.09678114205598831 632.6768188476562 4438
frame-000377.color.png 0.9998896586368292 -0.008783915609514536 -0.004113124220414441 0.01125147043001656 0.015336181968450546 -0.004493047017604113 0.08119566738605499 632.6768188476562 4422
frame-000378.color.png 0.9999003053855067 -0.009662004754730993 -0.004403175799948838 0.009307899707506775 0.021587209776043892 -0.002518676221370697 0.07254338264465332 632.6768188476562 4401
frame-000379.color.png 0.9999093292703432 -0.009036009063140645 -0.0007457246713888281 0.009956288116456302 0.018675129860639572 -0.002627314766868949 0.06690385192632675 632.6768188476562 4462
frame-000380.color.png 0.999902354561808 -0.006842135785680214 -0.0023935284211152735 0.011947281755278987 0.034560102969408035 0.013291551731526852 0.049652714282274246 632.6768188476562 4387
frame-000381.color.png 0.9998929509043897 -0.009023711071431224 0.0017709705761481493 0.011380818662540225 0.03369259834289551 0.009529790841042995 0.0396333672106266 632.6768188476562 4291
frame-000382.color.png 0.9999103991620542 0.0033517811148053365 0.0001822451238994302 0.012958626379930583 0.055788855999708176 0.05755575746297836 0.03818685561418533 632.6768188476562 4369
frame-000383.color.png 0.9999226840255062 0.0014760121493964972 0.0017326256789797854 0.012224784972294166 0.05700111761689186 0.060941003262996674 0.030629081651568413 632.6768188476562 4397
frame-000384.color.png 0.9999286455985311 0.003959486150020739 0.002154375958261004 0.011062768421395267 0.06019598990678787 0.07497125118970871 0.030896076932549477 632.6768188476562 4351
frame-000385.color.png 0.999916923443376 0.007945046047634996 0.0003256921541183287 0.010144771040065085 0.073195680975914 0.0996808111667633 0.022099938243627548 632.6768188476562 4366
frame-000386.color.png 0.9999335848135638 0.006133959115727726 0.000863457899159059 0.009718793542327573 0.07579856365919113 0.09939322620630264 0.015354819595813751 632.6768188476562 4408
frame-000387.color.png 0.9998786681189424 0.011520318864626265 -0.00028589186641885705 0.01048091407215442 0.0820247009396553 0.11645623296499252 0.016972577199339867 632.6768188476562 4333
frame-000388.color.png 0.9997955585349902 0.016130580305329052 -0.003374983738944321 0.011715587799259108 0.08438210934400558 0.13799042999744415 0.004122820682823658 632.6768188476562 4307
frame-000389.color.png 0.9997858949355816 0.01576872726221294 -0.003959849411308097 0.012799653160455685 0.08287419378757477 0.1437174379825592 0.0024710921570658684 632.6768188476562 4284
frame-000390.color.png 0.9997582494291426 0.016241086654707495 -0.005272107973263264 0.013851883632511287 0.0882830023765564 0.14224635064601898 -0.0008127369801513851 632.6768188476562 4373
frame-000391.color.png 0.9996100655749723 0.02384102345138401 -0.003976102574563006 0.013982596693986785 0.09390217810869217 0.15998584032058716 -0.00805693306028843 632.6768188476562 4334
frame-000392.color.png 0.9994671250548209 0.02782583010392063 -0.00378770254265826 0.0166385823653069 0.09304752200841904 0.17136850953102112 -0.009584779851138592 632.6768188476562 4243
frame-000393.color.png 0.9993807048349086 0.02927554850884969 -0.005918686880463757 0.018604252438575317 0.09361240267753601 0.17826393246650696 -0.015594559721648693 632.6768188476562 4235
frame-000394.color.png 0.9993426176292891 0.030736396901501668 -0.006676431220363683 0.018028637261688064 0.09545286744832993 0.18555016815662384 -0.019194351509213448 632.6768188476562 4329
frame-000395.color.png 0.9994134205033947 0.030267964277286064 -0.006525802429697815 0.014631444182385558 0.09627901762723923 0.18658460676670074 -0.021926769986748695 632.6768188476562 4446
frame-000396.color.png 0.9994211219740138 0.03096976889649596 -0.006477732873138573 0.01250333329657804 0.09634357690811157 0.18955980241298676 -0.021086813881993294 632.6768188476562 4389
frame-000397.color.png 0.9995569882364349 0.02839279492331222 -0.007078341586832485 0.005438156353977328 0.09893302619457245 0.18897874653339386 -0.02306683361530304 632.6768188476562 4467
frame-000398.color.png 0.9995061575829056 0.03034272742677713 -0.006977470231840367 0.0042514415583352625 0.09896688908338547 0.19261731207370758 -0.02407996915280819 632.6768188476562 4475
frame-000399.color.png 0.999538258053998 0.029105866895953004 -0.007378149373897188 0.004656405312139512 0.093683160841465 0.19647938013076782 -0.03612896800041199 632.6768188476562 4188
frame-000400.color.png 0.9995937578244394 0.024423224347680836 -0.012452781599110944 0.007794463504556979 0.097095787525177 0.19510382413864136 -0.031636059284210205 632.6768188476562 4421
frame-000401.color.png 0.9996169129453935 0.02445171791078453 -0.012030722410892312 0.0048376195597634696 0.09880757331848145 0.19639159739017487 -0.03334169462323189 632.6768188476562 4451
frame-000402.color.png 0.999667689873163 0.022641000185414907 -0.012106370027023089 0.0023088393245392696 0.09843505173921585 0.19724324345588684 -0.03613027557730675 632.6768188476562 4384
frame-000403.color.png 0.9996472051669846 0.022819163078873515 -0.01283222696213353 0.004481623523769813 0.1001550555229187 0.19529671967029572 -0.03531692177057266 632.6768188476562 4432
frame-000404.color.png 0.9996318012301465 0.023963579092565634 -0.010738047158579265 0.006833973197734353 0.09681973606348038 0.1980704963207245 -0.03862545266747475 632.6768188476562 4388
frame-000405.color.png 0.9996654424599761 0.022393667536794403 -0.009760749835791643 0.008500268713088266 0.0949016883969307 0.19986261427402496 -0.049656014889478683 632.6768188476562 4232
frame-000406.color.png 0.9997613446589642 0.016605889742452192 -0.012100312639804604 0.007421629577137516 0.10072015970945358 0.19801874458789825 -0.04958464950323105 632.6768188476562 4477
frame-000407.color.png 0.9998062808063061 0.014418900402428133 -0.011482595566984168 0.0069026205524958814 0.10050462186336517 0.19837747514247894 -0.0455026812851429 632.6768188476562 4390
frame-000408.color.png 0.9998263634388409 0.013401037332334196 -0.01180094058907229 0.005328505634182009 0.10190828144550323 0.19768419861793518 -0.048616357147693634 632.6768188476562 4460
frame-000409.color.png 0.9998613053913429 0.011237575064799273 -0.011246134640640157 0.004960982103120246 0.10094650089740753 0.19759470224380493 -0.05506518483161926 632.6768188476562 4390
frame-000410.color.png 0.9998675367408515 0.01086357376724555 -0.011764094311352762 0.002915102368587287 0.10091055929660797 0.19764044880867004 -0.055313676595687866 632.6768188476562 4300
frame-000411.color.png 0.999878051178082 0.009893808102919005 -0.01207114399696789 0.0005318046143832417 0.1027274802327156 0.1964891403913498 -0.06438802927732468 632.6768188476562 4266
frame-000412.color.png 0.999909634233398 0.007838296730530558 -0.010899054357254984 -0.0007036232756375748 0.10243936628103256 0.195278599858284 -0.0685935765504837 632.6768188476562 3997
frame-000413.color.png 0.9999426001634413 0.003678987621473335 -0.010028364227668916 0.0008326700274469757 0.07910718768835068 0.12575459480285645 -0.04478047043085098 632.6768188476562 3795
frame-000414.color.png 0.9999287459993984 0.003977828203047285 -0.011216755918226696 0.000929620099028426 0.09412527084350586 0.17308183014392853 -0.10618647187948227 632.6768188476562 3784
frame-000415.color.png 0.9999460518212154 -0.008545169182870242 -0.005554210879360544 0.002006058899152459 0.03166880086064339 -0.04367530345916748 0.051793813705444336 632.6768188476562 3998
frame-000416.color.png 0.9999396154068451 -0.009659431762884639 -0.004069947797503932 0.0033009760608779617 0.03219882398843765 -0.042767781764268875 0.0420127809047699 632.6768188476562 4156
frame-000417.color.png 0.999881776919179 -0.015022254562237176 -0.002080977821432784 0.002536451087492865 0.03273116052150726 -0.04206659644842148 0.04207923263311386 632.6768188476562 4270
frame-000418.color.png 0.9998648463644929 -0.016366880591066793 -0.0013958218079527258 0.0006825728585144359 0.03474870324134827 -0.0418185219168663 0.0381479375064373 632.6768188476562 4278
frame-000419.color.png 0.999820383700767 -0.01891326633049629 -0.0009212362105028232 0.000800010629594635 0.032550979405641556 -0.04125523939728737 0.023043803870677948 632.6768188476562 4264
frame-000420.color.png 0.9997823784557078 -0.020539712477421503 -0.0019465424884386497 0.003086569800522815 0.030205724760890007 -0.03958793729543686 0.019564950838685036 632.6768188476562 4282
frame-000421.color.png 0.9997206351647168 -0.023244479083966246 -0.002709010466565554 0.0033176920083890283 0.030675265938043594 -0.03837776929140091 0.01789778284728527 632.6768188476562 4312
frame-000422.color.png 0.9996933452076073 -0.024339949414539746 -0.004244483194541161 -0.0016633618164574948 0.031593404710292816 -0.03775378689169884 0.006216793321073055 632.6768188476562 4383
frame-000423.color.png 0.9997020231387581 -0.02405853310383948 -0.003622862243182419 -0.001981612053927306 0.02905160002410412 -0.035344623029232025 0.009457536041736603 632.6768188476562 4370
frame-000424.color.png 0.9997164198322895 -0.023346949297332033 -0.004654726544237649 -0.0005774054170507754 0.028999552130699158 -0.032236672937870026 0.005609098356217146 632.6768188476562 4336
frame-000425.color.png 0.9997000126146117 -0.02350119604033178 -0.006896799026757009 0.00011281047602986062 0.02724706195294857 -0.023827625438570976 -0.003486041910946369 632.6768188476562 4313
frame-000426.color.png 0.9997110828974766 -0.022881795068576637 -0.0073342383577767725 0.000618978275663276 0.027200091630220413 -0.020774908363819122 -0.004071148578077555 632.6768188476562 4241
frame-000427.color.png 0.9997459147038127 -0.021110978348256017 -0.007820701093399177 0.0011266146742090995 0.028044505044817924 -0.01349110621958971 -0.007270309142768383 632.6768188476562 4242
frame-000428.color.png 0.9998124930746055 -0.017830083123741465 -0.0074911099280968625 0.0009747306230894989 0.0296758022159338 0.0010526315309107304 -0.013667061924934387 632.6768188476562 4190
frame-000429.color.png 0.9998414927705116 -0.016319372022401843 -0.007008859458999091 0.0012423044366406736 0.030697813257575035 0.00897005945444107 -0.01313885860145092 632.6768188476562 4166
frame-000430.color.png 0.999881119543432 -0.01370311984665182 -0.006397217694719822 0.0030078053141340405 0.030595390126109123 0.01808575913310051 -0.01396222971379757 632.6768188476562 4269
frame-000431.color.png 0.9999092485491013 -0.010468723680371168 -0.007638330055856346 0.003681902284588191 0.03367576003074646 0.035779643803834915 -0.01632428728044033 632.6768188476562 4313
frame-000432.color.png 0.9999260666986902 -0.008545851281935154 -0.008516509191757605 0.0015161245134565062 0.04204918444156647 0.04874594882130623 -0.018719403073191643 632.6768188476562 4318
frame-000433.color.png 0.9999415952782678 -0.007692730133155621 -0.007558494031523702 -0.000705055619623864 0.04285172373056412 0.05731916055083275 -0.016384974122047424 632.6768188476562 4317
frame-000434.color.png 0.9999480670118749 -0.004403066902115386 -0.008307614706274485 0.003931897628683901 0.04517311975359917 0.07609109580516815 -0.01623522862792015 632.6768188476562 4210
frame-000435.color.png 0.9999568325063959 -0.002759845981720603 -0.0073868894681008955 0.004914289157037052 0.05024884268641472 0.08610505610704422 -0.016461996361613274 632.6768188476562 4341
frame-000436.color.png 0.9999722669080736 0.00040690961731940664 -0.006476667930240796 0.0036541225777334306 0.05696729198098183 0.10378257185220718 -0.009712163358926773 632.6768188476562 4350
frame-000437.color.png 0.9999867437258447 0.001912603210805431 -0.004420677645711272 -0.0018198710647986751 0.060015834867954254 0.12000445276498795 -0.008862648159265518 632.6768188476562 4457
frame-000438.color.png 0.9999967044043799 0.000739415524970902 -0.0023279544085494444 -0.000790615793043784 0.059987373650074005 0.12286052107810974 -0.014043006114661694 632.6768188476562 4392
frame-000439.color.png 0.9999955906662054 0.0016630148447109557 -0.00238891374858539 0.0005883203845950313 0.0635271817445755 0.13675910234451294 -0.0108598368242383 632.6768188476562 4455
frame-000440.color.png 0.9999969363755177 0.0015218070132839853 -0.0017244697734777772 0.0009151759358025977 0.0640641301870346 0.1430925726890564 -0.009521685540676117 632.6768188476562 4399
frame-000441.color.png 0.9999960226112654 0.001801334622031385 -0.002057068436899124 0.0006916824956763781 0.0671965554356575 0.14640361070632935 -0.00970415398478508 632.6768188476562 4338
frame-000442.color.png 0.9999926673522747 -0.0001801174645359793 -0.0017576885757410385 0.0033975476821848302 0.06694620102643967 0.14947205781936646 -0.011692236177623272 632.6768188476562 4376
frame-000443.color.png 0.9999841142656304 0.0012095068844529295 -0.0019403389586717169 0.005152028164195116 0.06699348241090775 0.15783096849918365 -0.012450003996491432 632.6768188476562 4356
frame-000444.color.png 0.9999897726596537 -0.0006235401733590176 -0.0003361061438081398 0.0044668564344915035 0.0690726637840271 0.15553760528564453 -0.017036622390151024 632.6768188476562 4378
frame-000445.color.png 0.9999798712319267 0.0009239129192502563 0.0002694675618172597 0.006271435491987491 0.07056968659162521 0.1621006280183792 -0.023080475628376007 632.6768188476562 4379
frame-000446.color.png 0.9999722884663144 0.0004086228353971412 0.0003972064977661197 0.007422772650334743 0.06917394697666168 0.1689576655626297 -0.02467680349946022 632.6768188476562 4383
frame-000447.color.png 0.999939007712972 -0.001559600246380001 0.0033156955800819933 0.01041895694821103 0.07177887856960297 0.17336852848529816 -0.03303314372897148 632.6768188476562 4234
frame-000448.color.png 0.9999124198685828 -0.003723954537073531 0.0042675890641676265 0.01196128917550414 0.07281111180782318 0.17618265748023987 -0.03559237718582153 632.6768188476562 4259
frame-000449.color.png 0.999871497352657 -0.008116740181799675 0.006201690462076606 0.012355012990253362 0.07758168131113052 0.18068060278892517 -0.04581908509135246 632.6768188476562 4128
frame-000450.color.png 0.9998334381469376 -0.00982277774953218 0.008356391950850745 0.012914322054250582 0.07655621320009232 0.18521977961063385 -0.04690486937761307 632.6768188476562 4139
frame-000451.color.png 0.9997969442827791 -0.011978853270071673 0.009633690530243292 0.013029554248665576 0.07576238363981247 0.18836861848831177 -0.05133356899023056 632.6768188476562 4125
frame-000452.color.png 0.999732412376407 -0.017550140108110266 0.008516366030593778 0.012432527332294274 0.08219929784536362 0.1936708241701126 -0.06484329700469971 632.6768188476562 4177
frame-000453.color.png 0.9996712865406393 -0.019718750853871665 0.00908959337379645 0.01363337901053868 0.08251547068357468 0.19341924786567688 -0.06717917323112488 632.6768188476562 4025
frame-000454.color.png 0.9996628067863502 -0.02178625358393434 0.00950049341755561 0.010458131173197167 0.08840879797935486 0.20032663643360138 -0.0845220535993576 632.6768188476562 4102
frame-000455.color.png 0.9996247587061713 -0.023837005718683683 0.010350538661884035 0.008660559416404343 0.0903264507651329 0.19616012275218964 -0.09721285104751587 632.6768188476562 4106
frame-000456.color.png 0.9995562864172785 -0.02445735251878775 0.013908914918049225 0.009778050791127996 0.0917544960975647 0.19630058109760284 -0.11350815743207932 632.6768188476562 4058
frame-000457.color.png 0.9995855916084413 -0.024485107064478352 0.013300644282313047 0.007226163748411962 0.09820279479026794 0.1961677521467209 -0.12765395641326904 632.6768188476562 4006
frame-000458.color.png 0.9995960621852755 -0.023489913820074065 0.01450753922271456 0.0067429754647103275 0.09992124885320663 0.1943768709897995 -0.1480695754289627 632.6768188476562 4058
frame-000459.color.png 0.9994970188755796 -0.026976110849463664 0.0140402885044971 0.008992719331621978 0.10131374001502991 0.1888483315706253 -0.17705190181732178 632.6768188476562 3921
frame-000460.color.png 0.9992975132186799 -0.034249203072812776 0.01475902093469448 0.0036937061183386372 0.10623174905776978 0.17237961292266846 -0.20668555796146393 632.6768188476562 4086
frame-000461.color.png 0.9991612131986439 -0.03640356026016815 0.018570068570989143 0.002608331471859681 0.10100645571947098 0.16534417867660522 -0.23719792068004608 632.6768188476562 3979
frame-000462.color.png 0.9990829579439039 -0.038347293399769 0.01886791861087151 0.0025942016623936104 0.11180447041988373 0.1532907783985138 -0.23420590162277222 632.6768188476562 4001
frame-000463.color.png 0.9986475070552467 -0.04742519149159528 0.0205188251692337 0.005743315941242371 0.0953601524233818 0.10650318115949631 -0.23402178287506104 632.6768188476562 3975
frame-000464.color.png 0.998612321203087 -0.047407285656858 0.021964452484140303 0.006598790427319647 0.09445112198591232 0.10639984160661697 -0.24044711887836456 632.6768188476562 4069
frame-000465.color.png 0.9981819897561187 -0.054940154549349765 0.02381887512998727 0.006852439868487547 0.08758863806724548 0.07267030328512192 -0.24381236732006073 632.6768188476562 4028
frame-000466.color.png 0.9980503331400914 -0.05621600512864991 0.026210384776773496 0.0069504687742344235 0.0786094218492508 0.06527253240346909 -0.24544976651668549 632.6768188476562 4099
frame-000467.color.png 0.9977233385313943 -0.06091875793816138 0.02810731009455702 0.006857390195178637 0.08603133261203766 0.041339240968227386 -0.262348473072052 632.6768188476562 4206
frame-000468.color.png 0.9975502912007216 -0.06385545050686776 0.027899132326401288 0.006126694161975732 0.08447425812482834 0.028859136626124382 -0.2707403898239136 632.6768188476562 4216
frame-000469.color.png 0.9972913390168198 -0.06644150866442157 0.03055409774045356 0.00787135056397626 0.0704033374786377 0.017175277695059776 -0.27066001296043396 632.6768188476562 4200
frame-000470.color.png 0.9971922262341985 -0.06765979381819436 0.030893626503651374 0.0086833219458669 0.07414301484823227 0.013543880544602871 -0.2793135941028595 632.6768188476562 4224
frame-000471.color.png 0.9969839633358614 -0.07032765828184362 0.03050027544597751 0.012113237776480186 0.0685642883181572 -0.006069782190024853 -0.2851293981075287 632.6768188476562 4208
frame-000472.color.png 0.996610497785189 -0.07414247608718734 0.03346798280568689 0.012259815289674712 0.05447756499052048 -0.02792857028543949 -0.2852551341056824 632.6768188476562 4210
frame-000473.color.png 0.9965642692347685 -0.07360059591689348 0.03495680005466048 0.01485367615065291 0.06258493661880493 -0.027152473106980324 -0.28986701369285583 632.6768188476562 4175
frame-000474.color.png 0.9963518856278983 -0.07654438462347177 0.03486966659091434 0.01442163444911894 0.06598600745201111 -0.042671237140893936 -0.2876115143299103 632.6768188476562 4198
frame-000475.color.png 0.9962453870673551 -0.07755133095301833 0.03562896314174968 0.014542929549266592 0.059895109385252 -0.03706110268831253 -0.2901516258716583 632.6768188476562 4226
frame-000476.color.png 0.9960705332989884 -0.07936201401106813 0.03578128578534541 0.016274612533735206 0.06328589469194412 -0.0506528802216053 -0.28841879963874817 632.6768188476562 4189
frame-000477.color.png 0.9958822444544847 -0.08172082012145701 0.035567672968215544 0.01658925491396793 0.06118878349661827 -0.05617363750934601 -0.27641430497169495 632.6768188476562 4201
frame-000478.color.png 0.9952990778092787 -0.08710399642364246 0.038219831403628814 0.018217683895260482 0.04976880922913551 -0.07449956238269806 -0.27155742049217224 632.6768188476562 4097
frame-000479.color.png 0.9950384014540155 -0.09024036132596162 0.03789840001279075 0.017859677938528246 0.062229644507169724 -0.08707103878259659 -0.2634774148464203 632.6768188476562 4133
frame-000480.color.png 0.9943951615568966 -0.0968781425281998 0.038985919229230996 0.01652229628021557 0.05842474848031998 -0.09837082028388977 -0.26499348878860474 632.6768188476562 4067
frame-000481.color.png 0.9942814926622481 -0.09742784431290778 0.040625981979858485 0.01617584897444474 0.05295214429497719 -0.08060105890035629 -0.24947237968444824 632.6768188476562 4119
frame-000482.color.png 0.9939286326749573 -0.10053911771083611 0.04116440798350914 0.01741408838221957 0.05399131402373314 -0.09561704099178314 -0.25936007499694824 632.6768188476562 4053
frame-000483.color.png 0.9939885319695169 -0.10010929898431331 0.040778575308676304 0.017379135932169706 0.05903105065226555 -0.0779411569237709 -0.2450239360332489 632.6768188476562 3998
frame-000484.color.png 0.9937177850913562 -0.1025339179158573 0.04073965957476846 0.018762713228246863 0.0598047636449337 -0.09443369507789612 -0.2382226288318634 632.6768188476562 4142
frame-000485.color.png 0.9931623377643626 -0.10779128315472082 0.04031307119762689 0.019607815097558847 0.06466596573591232 -0.09774965792894363 -0.23179683089256287 632.6768188476562 4039
frame-000486.color.png 0.9932274500530469 -0.1070899932548941 0.03940421417801345 0.02186946983358871 0.06466589868068695 -0.08599913120269775 -0.24291589856147766 632.6768188476562 4123
frame-000487.color.png 0.9925345217988962 -0.11325527268945432 0.03912318284929842 0.02275615980814757 0.07023952901363373 -0.09391632676124573 -0.22476275265216827 632.6768188476562 3995
frame-000488.color.png 0.99249946784566 -0.11386688649332534 0.037776563945724345 0.023496163577329233 0.07348744571208954 -0.09316394478082657 -0.22963054478168488 632.6768188476562 4096
frame-000489.color.png 0.9917088481572927 -0.12122400942451907 0.0380689871951452 0.0192107324044627 0.07241698354482651 -0.10799475759267807 -0.23639033734798431 632.6768188476562 3942
frame-000490.color.png 0.9912957856123381 -0.12491468672548361 0.03694129414915241 0.019087358488738892 0.07298646122217178 -0.11195050179958344 -0.2393568754196167 632.6768188476562 3945
frame-000491.color.png 0.9908751140649342 -0.1284537228930807 0.03597789328125796 0.01928057563335987 0.07130876928567886 -0.10916461795568466 -0.21785740554332733 632.6768188476562 4099
frame-000492.color.png 0.9906983903925536 -0.13000945712081538 0.03532824049937835 0.01913519678426468 0.07696052640676498 -0.10835358500480652 -0.21385760605335236 632.6768188476562 4043
frame-000493.color.png 0.9907597946392985 -0.1297385959956966 0.035110685701134695 0.018170464632384347 0.07476373016834259 -0.10566972941160202 -0.20418059825897217 632.6768188476562 3969
frame-000494.color.png 0.9904759090906692 -0.13195481860268332 0.03494554135065312 0.01800579068675425 0.07644183933734894 -0.10424510389566422 -0.20122291147708893 632.6768188476562 4025
frame-000495.color.png 0.9904746302614899 -0.13195938946581362 0.03430004727139255 0.0192414421849024 0.07552486658096313 -0.10469188541173935 -0.19230948388576508 632.6768188476562 4006
frame-000496.color.png 0.9904641712286025 -0.13218627494126475 0.03376415406584863 0.019170188569949512 0.07734937220811844 -0.10330282896757126 -0.19417722523212433 632.6768188476562 4117
frame-000497.color.png 0.9897511263146855 -0.1370026698554451 0.03503352140933963 0.019890419526814463 0.07152469456195831 -0.10445540398359299 -0.18157394230365753 632.6768188476562 3903
frame-000498.color.png 0.9899769216478083 -0.13522233234459366 0.03473393390084426 0.021311247635682356 0.07485923916101456 -0.09972944855690002 -0.17866089940071106 632.6768188476562 3990
frame-000499.color.png 0.989365823977502 -0.13979985094406322 0.034347023977020226 0.020773780716523846 0.07969976216554642 -0.10880845785140991 -0.19781933724880219 632.6768188476562 3861
