frame-000000.color.png 0.9896757511 0.0155046693 -0.1423718471 -0.0056364919 -0.2022239679 -0.5451297244 0.0295408362 525.000000
frame-000001.color.png 0.9418613912 0.1753493945 -0.2668783827 -0.1045257790 0.0036172842 -1.0208946799 -0.3151338362 525.000000
frame-000002.color.png 0.9904053201 0.1323140624 -0.0201281618 0.0344259786 -0.1040679274 -0.9946698604 0.4404014195 525.000000
frame-000003.color.png 0.9737889225 -0.0006269523 -0.2178162464 0.0655043825 0.5715671355 -0.7265579898 0.6977912992 525.000000
frame-000004.color.png 0.9483876113 0.0340340615 -0.2643678447 -0.1717913388 1.0761588034 -1.3863674922 0.6580311272 525.000000
frame-000005.color.png 0.9466094384 0.1115110080 -0.2783043892 -0.1185011948 0.4888350298 -0.8823418072 0.7228275709 525.000000
frame-000006.color.png 0.9425968703 -0.0276621138 -0.3327386622 0.0055615047 -0.2723440678 -0.5040599767 0.4938554351 525.000000
frame-000007.color.png 0.9418306113 0.2412817374 -0.2259931832 -0.0605417534 -0.2040058374 -1.1058129355 0.5486057911 525.000000
frame-000008.color.png 0.9771459445 0.0596135458 -0.2021939414 0.0273795237 0.2551489903 -0.7554650017 0.6669215565 525.000000
frame-000009.color.png 0.9931898417 0.0214466123 -0.1010272703 -0.0539209782 0.8746319850 -0.7171694367 0.9537394352 525.000000
