frame-000000.color.png 0.9829679896 -0.1651824481 0.0805223377 0.0022007737 -0.2473369726 -1.0101786713 -0.2739781031 525.000000
frame-000001.color.png 0.9699336403 -0.1986988305 0.1395993699 0.0161097500 -0.2077512121 -1.2426378284 0.1446642042 525.000000
frame-000002.color.png 0.9864449635 -0.1350796184 0.0889374537 0.0277481524 -0.0531271155 -1.2433149882 0.3909774264 525.000000
frame-000003.color.png 0.9773769482 -0.0682999338 -0.1969466127 -0.0357973727 0.1907520846 -0.9767094595 0.1366329277 525.000000
frame-000004.color.png 0.9109085714 -0.1557319137 -0.3766949571 -0.0639848025 0.1735337848 -1.1136280293 0.2374035633 525.000000
frame-000005.color.png 0.9622594891 -0.2445889382 -0.1189383846 0.0093052419 0.1045811856 -1.1435477392 0.3458321193 525.000000
frame-000006.color.png 0.9801211586 -0.1899599533 0.0524683122 0.0229086609 -0.0411640345 -1.2240403567 0.6123325078 525.000000
frame-000007.color.png 0.9906347318 -0.1358016965 -0.0110513258 0.0088654108 0.1042840235 -1.2274755519 0.8245864523 525.000000
frame-000008.color.png 0.9815128475 -0.1872934215 -0.0392673931 0.0034316518 0.0664178072 -1.1498933882 0.8544387100 525.000000
frame-000009.color.png 0.9726597924 -0.2300710643 -0.0249371826 0.0194517517 0.0976126668 -1.0499610628 0.9802323083 525.000000
