frame-000000.color.png 0.7863600620 -0.2122684119 -0.5210171763 -0.2551883154 1.6126318794 -0.7476261570 0.7501611125 525.000000
frame-000001.color.png 0.8190867591 -0.2773764832 -0.4506399232 -0.2215464449 0.8208646201 -0.9264654374 0.6406107967 525.000000
frame-000002.color.png 0.9455870862 -0.3218742830 -0.0461186785 0.0116222111 0.1794591660 -0.7879031640 0.8826211436 525.000000
frame-000003.color.png 0.9440835886 -0.2956322205 -0.0710436051 -0.1275169565 0.6219381157 -0.7797766950 0.9082746191 525.000000
frame-000004.color.png 0.8678458596 -0.1294486695 -0.4581061506 -0.1422158951 1.4741515606 -0.9585673040 0.7029919139 525.000000
frame-000005.color.png 0.9842811102 -0.1155005706 -0.1335076806 -0.0051003451 0.6213053927 -0.6585670917 -0.4816093383 525.000000
frame-000006.color.png 0.9787057915 -0.1678672567 0.0988857710 0.0646309680 -0.3770077116 -0.6135454942 -0.1893503153 525.000000
frame-000007.color.png 0.9510479081 -0.1160267646 0.2713155656 0.0918342540 -0.5557602682 -0.6681598558 0.7194000485 525.000000
frame-000008.color.png 0.9608545009 -0.2065751926 0.1845269282 0.0059271176 -0.1500950546 -0.7459389777 1.0629775553 525.000000
frame-000009.color.png 0.9452786188 -0.3151132395 -0.0397136589 -0.0746646126 -0.0440630313 -0.8299934302 0.3922836360 525.000000
