frame-000000.color.png 0.9209454556 -0.2527574122 -0.2578092706 -0.1466544863 0.6831113511 -0.2979064934 0.4960217097 525.000000
frame-000001.color.png 0.6848367509 -0.1881844451 -0.6173928390 -0.3382474266 0.9652554605 -0.5032538940 1.3588343707 525.000000
frame-000002.color.png 0.8039936808 -0.0965039873 -0.5445468313 -0.2185174825 0.5369519043 -0.2226195155 1.2102310495 525.000000
frame-000003.color.png 0.9416220723 -0.2745453856 -0.1906269104 -0.0404238210 0.6023192950 -0.3722671653 0.5814616994 525.000000
frame-000004.color.png 0.9330930451 -0.2609908183 -0.2439635781 -0.0412666269 -0.3169836650 -0.4945770009 0.6829062330 525.000000
frame-000005.color.png 0.9600414704 -0.1984989211 0.1591895217 0.1165214554 -0.8393385402 -0.4641480791 0.8571285473 525.000000
frame-000006.color.png 0.7990953040 -0.1254662388 0.5287022228 0.2572525561 -0.3862673651 -0.3513759289 1.3265305604 525.000000
frame-000007.color.png 0.9343594332 -0.2514795571 0.2084722487 0.1423720603 -0.3814153462 -0.3055408040 0.8672240205 525.000000
frame-000008.color.png 0.9593071643 -0.2674968364 -0.0398082503 -0.0811819578 -0.1439152597 -0.6852244958 0.2981869576 525.000000
frame-000009.color.png 0.9892183745 -0.1403823669 -0.0262012558 0.0324544715 -0.1785983556 -0.1283726844 0.3659797482 525.000000
